32607991
32607990
32607989
32607988
32607987
32607986
32607985
32459863
32465196
32465188
32459237
32460280
32607983
32607982
32607981
32607980
32607979
32607977
32607978
32607976
32607937
32506308
32607936
32607935
32607934
32607933
32607932
32607931
32607930
32607929
32607928
32607927
32607926
32607925
32607924
32607923
32607922
32607921
32607920
32607919
32597958
32598008
32561703
32604281
32604917
32606367
32606396
32606491
32605097
32605360
32605478
32560682
32606094
32606067
32606191
32606119
32606139
32553899
32553876
32553886
32607975
32605006
32607974
32607972
32607971
32607973
32607970
32607969
32607968
32607967
32607965
32607964
32607963
32607962
32607961
32577598
32581137
32589933
32587616
32587602
32587591
32603852
32603843
32603878
32604057
32604042
32591132
32591442
32529331
32519623
32606523
32606620
32605014
32552847
32607953
32607960
32607958
32607957
32607956
32607955
32607954
32602110
32603473
32603529
32599898
32599919
32567514
32599317
32598355
32600081
32607942
32607941
32607952
32607951
32607946
32607945
32607943
32607944
32567591
32567317
32567484
32600561
32567540
32567556
32607918
32607917
32607916
32607915
32607914
32607913
32607912
32607911
32607910
32607909
32607908
32607907
32607906
32607905
32607904
32607901
32607900
32607897
32607899
32607896
32607898
32493930
32607895
32607894
32607870
32607892
32607877
32607891
32607890
32607889
32607824
32607888
32607887
32607858
32607803
32607813
32607885
32607884
32607883
32607882
32468712
32607791
32607790
32607757
32607789
32607788
32607787
32607763
32607786
32607785
32607784
32607766
32607782
32607781
32511443
32607775
32607780
32607778
32607779
32607777
32607767
32607776
32607829
32607823
32607822
32607821
32607820
32607819
32607818
32607817
32607816
32607815
32607814
32503487
32607812
32607774
32607773
32607772
32607698
32607771
32607770
32607769
32607768
32607765
32607764
32607762
32607761
32607760
32607811
32607810
32607809
32607808
32478297
32607807
32607635
32607759
32607755
32607756
32607754
32607753
32607881
32607879
32607878
32607876
32607875
32607874
32607872
32607871
32607869
32572651
32607868
32607866
32607865
32607864
32607863
32607862
32607861
32607860
32607859
32607857
32607856
32607855
32607853
32607851
32607852
32607844
32607845
32607846
32607843
32607842
32607841
32607840
32607839
32607838
32607837
32607836
32607834
32607833
32607832
32607831
32607806
32492256
32607805
32607804
32497971
32497968
32607783
32607802
32607800
32607799
32527502
32607798
32347404
32607797
32607796
32607795
32607752
32607794
32607793
32607792
32607751
32607750
32607749
32607748
32607747
32607746
32607745
32607744
32607743
32607742
32607741
32607739
32607740
32607738
32607737
32607736
32607735
32607734
32607733
32607732
32607687
32607684
32607683
32607682
32461146
32607681
32461028
32607680
32607679
32607678
32607676
32607675
32607674
32607673
32607672
32607671
32607669
32607670
32607668
32607667
32607731
32607730
32607729
32607728
32607727
32607726
32607725
32607724
32607723
32607722
32607721
32607720
32607719
32607718
32607717
32607716
32607715
32607714
32607711
32607709
32607707
32607706
32607705
32607704
32607702
32607701
32607700
32607699
32607696
32607697
32607695
32607694
32607693
32607692
32607691
32607690
32607689
32607688
32607686
32607685
32607548
32560653
32608016
32607959
32608012
32608010
32608007
32608006
32608004
32608003
32607984
32607998
32607997
31400910
32607996
32459533
32459535
32036506
32607995
32607994
32607993
32607992
32607666
32607665
32607662
32607664
32607663
32461013
32607660
32607661
32607659
32607658
32607656
32607655
32607654
32607653
32607652
32607651
32607650
32607645
32607643
32607641
32607640
32607639
32607638
32607637
32607636
32607634
32607633
32607632
32607630
32607628
32607626
32607625
32607623
32607622
32607621
32607620
32607615
32607616
32607602
32607614
32607600
32607594
32607611
32607613
32461078
32461076
32607612
32607610
32461077
32607609
32607608
32607592
32607589
32607588
32607586
32607604
32607605
32607606
32607579
32607582
32607581
32607580
32461095
32458170
32458172
32607603
32607578
32607577
32607575
32607573
32607598
32607597
32607601
32607596
32607599
32607570
32607568
32607567
32607569
32607566
32607591
32607590
32607595
32607593
32607565
32607585
32607584
32607587
32257911
32257909
32461096
32458177
32607574
32607572
32607576
32458176
32607571
32607563
32607559
32607561
32607564
32607562
32607560
32607557
32458105
32458104
32607558
32607555
32607554
32607553
32607556
32607551
32607552
32607550
32607549
32607547
32607546
32607545
32607498
32607499
32607497
32607496
32607495
32607494
32607493
32607492
32607491
32607490
32607489
32607488
32607487
32607486
32607474
32607485
32607484
32607483
32607480
32607482
32607544
32607543
32607542
32607540
32607539
32607538
32607537
32607511
32607536
32607535
32607534
32607533
32607532
32607531
32607524
32607530
32607529
32607528
32607527
32607507
32607525
32607523
32607522
32607520
32607517
32607516
32607514
32607515
32607512
32607513
32607509
32607508
32607505
32607506
32607504
32607503
32607502
32607501
32344722
32607500
32607459
32607458
32607457
32607456
32607455
32607453
32607452
32607451
32607450
32607449
32607448
32607447
32607446
32607443
32607444
32607445
32607442
32607441
32607439
32607438
32607481
32607479
32607478
32607477
32607476
32607475
32607473
32607472
32607471
32607470
32607469
32607468
32607467
32607466
32607465
32607464
32607462
32607463
32607461
32607460
32607389
32607388
32607387
32607386
32607385
32607384
32607383
32607382
32607381
32607380
32607377
32607378
32607379
32607376
32607373
32607372
32607371
32607375
32607374
32607369
32607415
32607414
32607413
32607412
32607410
32607408
32607407
32607406
32607405
32607404
32607403
32607402
32607401
32607400
32607399
32607398
32607397
32607396
32607391
32607390
32607437
32607436
32607422
32607433
32607432
32607431
32607430
32607429
32607428
32607426
32607425
32607424
32607423
32607421
32607420
32607419
32607418
32607417
32607416
32607222
32607348
32607346
32607345
32607352
32607344
32607342
32607340
32607339
32607337
32607336
32607338
32607333
32607334
32607335
32607332
32607331
32607327
32607329
32607328
32607324
32607368
32607367
32607366
32607365
32607364
32607363
32607359
32607360
32607361
32607362
32607358
32607357
32607355
32607354
32607356
32607351
32607350
32607347
32607349
32607325
32607326
32607323
32607322
32607321
32607330
32607319
32607320
32607318
32607317
32607316
32607315
32607314
32607313
32607311
32607310
32607308
32607307
32607306
32607305
32607240
32607238
32607239
32607237
32607236
32607235
32607234
32607233
32607232
32607231
32607230
32607229
32607228
32607226
32607224
32607221
32607220
32607218
32607217
32607204
32607286
32607284
32607283
32607282
32607281
32607279
32607278
32607277
32607276
32607275
32607274
32607273
32607272
32607260
32607271
32607270
32607269
32607268
32607267
32607266
32607265
32607303
32607304
32607302
32607301
32607300
32607041
32607299
32607298
32607297
32607295
32607294
32607293
32607292
32607291
32607290
32607289
32607288
32607287
32607017
32607203
32607206
32607205
32607207
32607208
32607211
32607209
32607210
32607213
32607212
32607215
32607214
32607198
32607202
32607201
32607200
32607199
32607195
32607194
32607196
32607174
32607173
32607172
32607171
32607170
32607169
32607168
32607167
32607166
32607165
32607164
32607163
32607162
32607161
32607160
32607159
32607157
32607158
32607156
32607155
32607197
32607264
32607192
32607191
32607193
32607189
32607188
32607187
32607186
32607185
32607184
32607183
32607182
32607181
32607180
32607179
32607263
32607262
32607261
32607259
32607258
32607257
32607256
32607254
32607253
32607252
32607251
32607250
32607249
32607248
32607178
32607177
32607176
32607175
32510309
32607246
32607245
32607243
32607241
32607242
32607154
32607153
32607152
32607151
32607150
32607149
32607148
32607146
32607147
32607145
32607144
32607143
32607142
32607141
32607140
32607139
32607138
32607136
32607137
32607135
32607134
32607133
32607131
32607129
32607132
32607130
32607128
32607127
32607126
32607121
32460529
32607120
32607125
32607124
32607122
32607123
32607119
32607118
32607117
32607116
32607115
32607114
32607113
32607112
32607111
32607110
32607109
32607108
32607107
32607106
32607105
32607096
32607104
32607101
32607102
32607103
32607097
32607099
32607098
32607100
32607081
32607095
32607080
32607094
32607079
32607089
32607085
32607092
32607090
32607088
32607087
32607082
32607083
32607084
32607086
32607091
32607093
32607078
32607077
32607076
32607075
32607074
32607073
32607072
32607071
32607069
32607068
32607066
32607067
32607065
32607064
32607062
32607063
32607061
32607060
32607059
32607030
32607058
32607057
32607056
32607055
32607054
32607052
32607050
32607051
32607049
32607053
32607048
32607047
32607046
32607045
32261371
32607043
32607044
32607036
32607042
32607040
32260995
32607039
32607038
32607037
32607035
32460443
32465930
32465939
32460444
32607034
32460445
32607033
32465948
32607032
32607031
32607028
32607029
32607027
32607026
32607025
32607024
32607023
32607022
32606999
32606998
32606997
32606996
32606995
32606994
32606993
32606992
32606990
32606989
32606988
32606987
32606986
32606985
32606984
32606983
32606982
32606981
32606980
32606979
32606978
32606977
32606976
32606975
32606974
32606973
32606972
32503038
32606943
32606971
32606970
32606969
32606968
32606967
32606966
32606965
32606964
32606963
32606962
32606961
32607020
32607021
32607019
32607018
32607016
32607015
32607014
32607013
32607012
32607011
32607010
32607008
32607007
32607006
32607004
32607005
32607003
32607002
32607000
32607001
32606893
32606892
32606891
32606890
32606886
32606885
32606884
32606888
32606887
32606889
32606883
32606882
32606881
32606880
32303468
32606878
32606877
32606874
32606876
32606875
32606937
32606935
32606936
32606934
32606932
32606930
32606929
32606928
32606926
32606925
32606924
32606923
32606922
32606921
32606919
32606920
32606918
32606917
32606916
32606915
32606870
32606872
32606873
32606871
32606867
32606866
32606865
32606869
32606864
32606863
32606868
32606862
32606861
32606856
32606914
32606858
32606860
32606859
32606850
32606849
32606855
32606913
32606912
32606910
32606911
32606907
32606908
32606906
32606905
32606903
32606904
32606902
32606901
32606899
32606960
32606900
32606898
32606894
32606897
32606895
32606896
32606959
32606958
32606957
32606956
32606955
32606953
32606952
32606951
32606950
32606949
32606948
32606947
32606946
32606945
32606944
32606942
32606941
32606940
32606939
32606854
32606853
32606857
32606845
32606846
32606848
32606852
32606847
32606851
32606844
32606843
32606842
32606839
32606840
32606841
32606837
32606838
32606836
32606835
32606834
32606791
32606794
32606793
32606788
32606792
32606787
32606782
32606789
32606784
32606785
32606783
32606779
32606781
32606773
32606775
32606780
32606770
32606774
32606786
32606767
32606813
32606812
32606809
32606808
32606810
32606806
32606807
32606811
32606805
32606802
32606800
32606803
32606801
32606804
32606790
32606827
32606826
32606829
32606828
32606830
32606832
32606831
32606833
32606825
32606824
32606823
32606822
32606818
32606817
32606820
32606821
32606819
32606815
32606816
32606814
32606733
32606731
32606730
32606729
32606727
32606728
32606726
32606722
32606724
32606721
32606723
32606720
32606725
32606718
32606719
32606717
32606716
32606714
32606715
32606713
32606768
32606765
32606771
32606772
32606764
32606769
32606755
32606760
32606759
32606758
32606757
32606756
32606753
32606778
32606762
32606761
32606763
32606754
32606748
32606712
32606711
32606710
32606709
32606708
32606707
32606706
32522770
32606675
32606705
32606704
32606703
32606702
32606701
32606700
32606699
32606697
32606696
32606695
32606694
32606747
32606751
32606745
32606750
32606746
32606749
32606752
32606776
32606739
32606740
32606742
32606741
32606743
32606744
32606735
32606734
32606736
32606737
32606732
32606738
32606693
32606692
32606691
32606690
32606689
32606687
32606686
32606685
32606684
32606683
32606682
32606681
32606680
32606679
32606671
32606678
32606676
32533591
32606673
32606674
32606672
32606670
32606669
32606668
32606667
32606666
32606665
32606663
32606664
32606662
32606661
32606660
32606659
32606658
32606657
32606655
32606654
32606653
32606652
32606651
32606630
32606536
32606629
32606628
32606626
32606627
32606625
32606624
32606622
32606623
32606621
32606619
32606618
32606617
32606616
32606614
32606613
32606612
32606611
32606610
32606609
32606608
32606607
32606606
32606605
32606604
32606603
32606602
32606600
32606598
32606597
32606590
32606592
32606595
32606594
32606593
32606582
32606580
32606589
32606586
32606585
32606584
32606587
32606588
32606579
32606581
32606583
32606578
32606577
32606576
32606575
32606574
32606573
32606572
32484932
32606571
32606570
32606569
32606568
32606494
32606650
32606648
32606649
32606647
32606646
32606645
32606644
32606643
32606642
32606641
32606640
32606639
32606638
32606637
32606635
32606636
32606634
32606633
32606632
32606631
32606507
32471600
32606506
32606505
32606504
32606503
32606502
32606500
32606501
32606499
32606498
32606497
32606496
32606495
32606493
32606492
32606490
32606489
32606488
32606487
32606486
32606484
32606482
32606483
32606481
32606479
32606478
32606477
32606476
32606475
32606473
32606474
32606472
32606470
32606471
32606469
32606468
32606467
32606466
32606465
32606567
32118183
32606566
32606565
32606564
32606563
32606562
32606561
32606560
32606559
32606558
32606557
32606555
32606556
32606554
32606553
32606552
32366099
32606551
32606550
32606548
32606546
32606545
32606544
32606543
32606542
32606480
32606541
32606540
32606539
32603738
32606538
32606537
32606534
32606533
32606531
32606532
32606530
32606529
32606528
32606527
32606526
32606525
32606524
32606522
32606521
32606520
32606519
32606518
32606517
32606516
32606515
32606514
32606513
32606512
32606511
32606510
32606509
32606508
32606445
32303548
32606444
32606443
32606442
32606441
32606440
32606439
32606437
32606438
32606434
32606436
32606435
32606431
32606433
32606432
32606430
32606425
32606426
32606429
32606427
32606424
32606423
32606422
32467443
32606416
32606421
32606417
32606418
32606420
32606415
32606414
32606413
32606412
32606411
32606410
32606409
32606408
32606407
32606406
32606464
32606463
32606462
32514530
32606461
32606460
32606459
32606458
32606456
32606457
32606455
32606454
32606453
32606452
32606451
32606450
32606449
32606448
32606447
32606446
32606339
32606340
32606338
32583125
32606336
32606335
32606334
32606333
32606332
32606331
32606329
32606330
32606328
32606325
32606322
32606327
32606324
32606326
32606323
32606321
32606405
32397686
32606404
32606402
32606403
32606401
32606400
32606399
32606398
32606397
32606395
32606393
32606392
32606391
32606390
32606387
32606385
32606384
32606386
32606383
32606320
32606319
32606318
32606316
32606315
32606314
32606317
32606313
32606312
32606310
32606311
32606309
32606307
32606308
32606305
32606306
32606304
32606303
32606302
32606300
32606360
32606359
32606358
32606356
32606357
32606355
32606354
32606353
32606352
32606351
32606350
32606349
32606348
32606347
32606346
32606345
32606344
32606343
32606342
32606341
32606382
32606380
32606381
32606379
32606378
32606376
32606377
32606375
32606374
32606373
32606372
32606371
32606370
32606369
32606368
32606365
32606366
32606363
32606362
32606361
32606279
32606277
32606278
32606210
32606276
32606275
32606274
32606273
32606272
32606271
32606270
32606269
32606268
32606267
32606266
32606264
32606263
32606262
32606265
32606261
32606260
32606259
32606257
32606253
32606255
32606256
32606254
32606252
32459809
32459812
32606251
32606250
32606249
32606248
32606246
32606247
32606245
32606244
32485457
32606243
32606299
32606298
32606297
32606296
32606295
32606294
32606293
32606292
32606291
32606290
32606289
32606288
32606287
32606286
32606284
32606283
32606282
32606281
32606134
32606280
32606242
32606241
32606240
32606237
32606238
32606239
32606236
32606235
32606234
32606233
32606231
32606230
32606228
32606138
32606227
32606226
32606225
32606224
32606223
32606222
32606221
32606218
32606220
32606219
32606213
32606214
32606215
32606217
32606216
32606212
32606211
32606209
32606207
32606208
32606206
32606205
32606204
32606202
32606203
32606200
32606201
32606199
32606197
32606196
32606198
32606195
32606194
32606193
32606192
31807494
32606190
32606189
32606188
32606186
32606187
32606185
32606183
32606184
32606182
32606181
32606179
32606178
32606180
32606177
32606176
32606175
32606174
32606172
32606173
32606171
32606170
32605294
32606169
32606168
32606167
32606166
32606165
32606164
32606162
32606163
32606141
32606140
32606137
32606136
32606135
32606133
32606132
32606131
32606130
32606129
32606128
32605442
32606127
32606126
32606125
32606124
32606123
32606122
32606121
32606120
32606081
32606080
32606079
32606078
32606076
32606075
32606074
32606073
32606072
32421818
32606071
32606070
32606069
32606068
32606161
32606118
32606066
32606065
32606064
32606063
32606062
32606061
32606160
32606158
32606157
32606159
32606156
32606155
32606154
32606153
32606152
32606151
32606150
32606149
32606148
32605946
32606117
32606116
32606115
32606114
32606113
32606112
32606111
32606110
32606109
32606108
32606107
32606147
32606146
32606145
32606143
32606144
32606142
32606106
32468528
32606105
32606104
32606102
32606103
32606100
32606101
32528122
32606099
32606098
32606004
32606097
32606095
32606096
32606093
32606092
32521882
32606090
32606091
32606060
32606088
32606089
32606087
32606086
32606084
32606083
32606082
32606059
32606058
32606057
32606056
32606055
32304206
32606054
32606051
32606052
32606050
32606049
32606048
32606047
32605730
32606046
32606045
32606044
32606043
32606042
32606041
32605995
32605993
32605991
32605994
32605992
32605990
32605989
32605988
32605987
32605986
32605985
32605984
32605983
32605981
32605980
32605979
32605977
32605976
32605974
32606040
32606039
32606038
32606036
32606035
32606034
32606033
32606032
32606031
32606030
32606029
32606028
32606027
32606026
32606025
32606023
32606020
32606018
32606019
32606021
32605975
32605972
32605971
32605973
32605970
32605969
32605965
32605964
32605963
32605968
32605967
32605966
32605962
32605961
32605959
32605958
32605957
32605960
32499745
32605954
32457640
32606017
32606016
32606014
32606015
32606012
32606013
32606011
32606010
32606007
32606008
32605956
32606006
32606005
32606003
32606002
32606001
32605999
32606000
32605998
32605996
32605955
32605953
32605949
32605948
32605952
32605951
32605950
32605947
32605945
32605943
32605944
32605941
32605940
32605939
32605935
32605938
32605937
32605936
32605933
32605928
32605932
32605929
32111194
32605931
32605930
32605927
32605926
32605925
32605924
32605921
32605920
32605922
32605919
32605918
32605916
32605917
32605915
32605923
32605889
32605891
32605892
32605890
32605893
32605886
32605887
32605888
32605885
32605883
32605884
32605882
32605880
32605881
32605879
32605877
32605875
32605878
32605876
32605873
32605872
32605874
32605871
32605867
32605870
32605868
32605869
32605862
32605864
32605865
32605866
32605863
32605860
32605913
32605861
32605858
32605855
32605856
32605859
32605857
32605853
32605910
32605911
32605912
32605914
32605907
32605909
32605905
32605908
32605906
32605904
32605901
32605903
32605900
32605895
32605898
32605899
32605897
32605896
32605894
32605849
32605847
32605851
32605852
32605848
32605854
32605850
32605840
32605841
32605844
32605839
32605845
32605846
32605842
32605843
32605835
32605838
32605837
32605834
32605836
32605831
32605830
32605829
32605833
32605832
32605828
32605827
32605826
32605825
32605823
32605822
32605818
32605824
32605820
32605821
32605819
32605813
32605815
32605810
32605816
32605774
32605780
32605779
32605770
32605769
32605768
32605763
32605766
32605765
32605767
32605762
32605764
32605761
32605759
32605760
32605758
32605756
32605749
32605757
32605747
32605814
32605811
32605807
32605808
32605812
32605817
32605809
32605804
32605806
32605801
32605799
32605798
32605800
32605785
32605803
32605805
32605790
32605789
32605788
32605794
32605795
32605786
32605784
32605782
32605783
32605791
32605802
32605787
32605777
32605781
32605778
32605776
32605771
32605772
32605773
32605775
32605752
32605754
32605753
32605755
32605748
32605750
32605751
32459490
32459489
32605746
32605745
32605744
32605743
32605742
32605741
32605740
32605655
32605739
32605737
32605738
32605715
32605714
32605712
32605713
32605711
32605710
32605709
32605708
32605707
32605706
32605703
32605704
32605702
32605701
32605736
32605700
32605699
32605698
32605604
32605697
32605696
32605735
32605734
32605731
32605732
32605729
32605728
32605727
32605726
32605725
32605724
32605723
32605722
32605721
32605720
32605719
32605718
32510915
32605717
32605716
32605695
32605694
32605692
32605693
32605691
32605689
32605688
32605687
32605686
32605685
32605684
32605682
32605681
32605680
32605679
32605678
32605677
32605514
32605676
32605675
32605617
32605615
32605613
32605614
32605611
32605612
32605609
32605608
32605607
32605606
32605605
32605603
32605602
32605601
32605600
32605599
32605598
32605597
32605596
32605595
32605594
32605593
32605592
32605591
32605590
32605588
32605589
32605196
32605587
32605586
32605585
32605583
32605582
32605584
32605581
32605580
32605579
32605578
32605577
32605576
32605674
32605673
32605672
32605671
32605670
32605669
32605668
32605667
32605666
32605665
32605171
32605664
32605663
32605555
32605662
32605661
32605660
32605658
32605659
32605657
32605553
32605554
32605552
32605551
32605550
32605549
32605548
32605547
32605546
32465215
32459981
32605545
32605544
32605543
32605542
32605541
32605540
32605538
32605539
32605537
32605536
32605535
32605534
32605533
32605532
32605531
32605530
32605529
32605528
32605527
32605526
32605525
32518061
32605523
32605656
32605524
32605522
32605520
32605519
32605518
32605517
32579711
32605654
32605653
32605652
32605651
32605650
32605176
32605649
32605648
32605647
32605646
32605645
32605644
32605643
32605642
32605641
32605640
32605639
32605637
32605635
32605636
32605634
32605633
32605632
32605631
32605630
32605629
32605628
32605627
32605626
32596886
32605624
32605623
32605622
32605621
32605620
32605619
32605618
32605616
32605574
32605575
32605573
32605572
32605571
32605569
32605568
32605567
32604136
32605566
32605565
32605564
32605563
32605562
32605561
32605560
32605559
32605558
32605557
32605556
32605474
32605473
32605472
32605471
32605470
32605469
32605468
32605467
32605466
32605465
32605464
32605463
32605462
32605461
32605460
32605459
32605458
32605457
32605456
32605455
32605454
32604965
32605453
32324486
32605452
32605451
32605450
32605449
32605448
32605447
32605446
32605445
32605444
32605443
32605441
32605440
32605439
32605438
32605436
32605437
32605516
32605515
32605115
32605512
32605511
32605510
32605509
32605508
32605507
32605506
32605505
32605504
32605503
32605502
32605501
32605500
32605499
32605498
32605497
32605496
32605495
32605494
32605491
32605492
32605493
32605490
32605489
32605487
32605488
32605486
32605485
32605484
32605483
32605482
32605481
32605479
32605480
32605477
32605476
32605475
32605415
32604961
32605414
32605413
32605412
32605411
32605410
32605409
32605408
32605407
32605406
32605405
32605404
32605403
32605402
32605401
32605400
32605399
32605398
32605397
32605396
32605395
32605393
32605394
32605392
32605391
32605390
32605389
32605388
32605105
32605387
32605385
32605383
32605386
32605384
32605382
32605380
32605379
32604290
32605378
32605435
32605433
32605434
32605432
32605431
32605430
32605428
32605429
32605427
32605426
32605425
32605424
32605423
32605421
32605422
32605420
32605419
32605417
32605418
32605416
32605335
32605333
32605332
32605331
32604963
32605330
32605326
32605325
32605321
32605323
32605320
32605319
32605318
32605317
32605315
32605314
32605310
32605312
32605311
32605309
32605377
32605376
32605374
32605375
32605373
32605372
32605371
32605370
32605369
32605368
32605367
32605365
32605366
32605364
32605363
32605362
32605095
32605359
32605357
32605358
32605307
32605306
32605305
32605304
32605303
32605302
32605300
32605299
32605298
32605297
32605296
32605295
32605293
32605292
32605290
32605291
32605289
32605288
32605287
32605284
32605285
32605279
32605278
32605282
32605283
32605281
32605280
32605277
32605276
32605275
32605274
32605272
32605273
32605270
32605271
32605269
32605268
32605267
32605265
32605264
32605356
32605355
32605354
32605353
32605352
32605351
32605350
32605349
32605348
32605347
32605346
32605345
32605344
32605342
32605340
32471937
32605339
32605338
32605336
32605337
32605244
32605243
32605242
32605240
32605239
32605238
32605237
32605236
32605235
32605234
32605233
32605231
32605230
32605228
32605226
32605227
32605229
32605225
32605223
32605224
32605200
32605197
32605198
32605199
32605201
32605195
32605194
32605191
32605192
32605190
32605189
32605187
32605186
32605188
32605185
32422997
32605184
32605096
32605183
32605182
32605263
32605262
32605261
32605260
32605259
32605258
32605257
32605256
32605255
32605254
32605078
32605253
32605252
32605251
32605250
32605249
32605248
32605247
32605246
32605222
32605221
32605220
32605218
32605216
32605214
32605213
32605212
32605209
32605219
32605211
32605217
32605208
32605207
32605206
32605205
32605203
32605204
32459173
32093356
32605179
32605180
32605177
32422968
32605178
32605175
32605174
32605173
32605172
32605170
32605169
32605168
32605167
32605166
32605165
32423013
32605163
32605162
32605161
32605160
32605117
32605116
32605114
32605113
32605112
32605109
32605110
32605111
32605106
32605107
32605098
32605099
32605101
32605100
32605104
32605102
32605103
32605094
32459630
32459628
32605159
32605158
32605157
32423074
32605156
32605154
32605153
32605152
32605151
32605150
32605149
32605148
32605147
32605146
32605145
32605144
32605143
32605142
32605140
32605139
32605137
32605138
32459736
32605136
32605135
32605133
32604928
32605131
32605130
32605129
32605128
32605127
32605124
32605125
32605123
32459723
32605122
32605120
32605119
32605118
32605093
32605092
32605089
32605091
32605087
32605088
32605085
32605090
32605086
32605084
32605083
32605081
32605082
32605080
32605079
32605077
32605076
32605075
32605073
32605074
32605072
32605071
32605070
32605069
32605068
32605067
32604815
32605066
32605063
32605062
32605065
32605064
32605061
32605060
32605059
32605058
32605057
32605056
32605055
32605054
32605053
32605052
32605048
32605050
32605051
32605047
32605049
32605046
32605045
32605041
32605043
32605042
32605040
32605039
32605038
32605037
32605036
32605035
32605034
32605033
32604570
32605032
32605029
32605031
32605030
32605028
32605027
32604420
32605026
32605024
32605025
32605020
32605022
32605023
32605021
32605019
32605018
32605017
32605016
32605015
32604916
32604915
32604913
32604912
32604911
32604910
32604908
32604907
32604906
32604905
32604904
32604903
32604901
32604902
32604900
32604899
32604898
32604897
32604896
32604895
32604894
32605013
32604893
32604892
32604891
32604889
32604888
32604887
32604886
32604884
32604883
32604882
32604881
32604880
32604879
32592856
32605009
32605011
32605010
32605008
32604182
32605005
32605004
32605003
32605002
32605001
32605000
32604999
32604878
32604876
32604877
32604875
32604874
32604872
32604997
32604998
32604996
32604995
32604993
32604992
32604873
32604871
32604869
32604870
32604868
32604867
32604866
32604865
32604864
32604863
32604862
32604861
32604859
32604857
32604856
32604991
32604855
32604854
32604853
32604852
32604851
32604990
32604989
32604988
32604987
32604986
32604985
32533748
32604984
32604983
32604808
32604982
32604981
32604980
32604978
32604977
32604976
32604975
32604974
32604973
32604945
32604944
32604943
32604942
32604941
32604939
32604937
32604936
32604934
32604933
32604932
32604931
32604930
32604927
32604926
32604924
32604923
32604922
32604921
32604920
32604850
32604849
32604847
32604846
32604845
32604597
32328787
32604844
32604843
32604841
32604840
32604839
32604837
32604836
32604835
32604834
32604832
32604831
32604833
32604829
32604972
32604971
32604969
32604967
32604964
32604966
32604962
32604960
32604959
32604957
32604956
32604954
32604953
32604952
32604951
32604950
32604949
32604948
32604947
32604946
32604828
32604825
32604824
32604823
32604822
32604821
32604820
32604819
32604818
32604817
32604816
32604814
32604813
32604812
32604810
32604811
32604809
32604392
32604806
32604807
32604805
32604804
32604803
32604802
32604801
32604800
32604798
32604797
32604796
32604794
32604793
32604792
32604795
32604791
32604790
32604788
32604784
32604783
32604782
32604760
32604764
32604766
32604758
32604757
32604753
32604754
32604755
32604751
32604750
32604745
32604746
32604747
32604742
32604744
32604748
32604749
32604739
32604738
32604740
32604780
32604781
32604779
32604777
32604778
32604776
32604775
32604773
32604774
32604771
32604772
32604770
32604769
32604717
32604767
32604768
32604765
32604763
32604761
32604762
32604716
32604718
32604713
32604714
32604712
32604710
32604709
32604707
32604706
32604708
32604705
32604711
32604701
32604695
32604698
32604702
32604704
32604700
32604697
32604686
32604677
32604675
32604673
32604680
32604676
32604668
32604667
32604670
32604664
32604674
32604662
32604659
32604658
32604661
32604657
32604656
32604654
32604655
32604653
32604703
32604699
32604690
32604692
32604696
32604693
32604691
32604689
32604688
32604682
32604681
32604683
32604678
32604669
32604679
32604741
32604737
32604736
32604735
32604734
32604733
32604730
32604732
32604729
32604731
32604727
32604725
32604726
32604728
32604724
32604722
32604723
32604720
32604721
32604719
32604652
32604651
32604649
32604650
32604648
32604644
32604643
32604647
32604646
32604645
32604642
32604640
32604638
32604641
32604639
32604637
32604636
32604635
32604634
32604633
32604613
32604611
32604612
32604610
32604188
32604609
32604607
32604608
32604605
32604606
32604604
32604603
32604602
32604601
32604600
32604599
32604598
32604596
32604595
32604594
32604632
32604631
32604630
32604629
32604628
32604627
32604626
32604625
32604623
32604624
32604622
32604621
32604620
32604619
32604618
32604450
32604617
32604616
32604615
32604614
32604573
32604572
32604571
32604569
32604568
32604567
32604566
32604565
32604563
32604564
32604562
32604559
32604558
32604557
32604556
32604555
32604554
32604553
32604552
32604550
32604593
32604592
32604591
32604590
32604588
32604587
32604586
32604585
32604584
32604583
32013158
32604581
32604582
32604580
32604579
32604578
32604576
32604577
32604575
32604574
32604487
32604167
32604486
32604485
32604484
32604482
32604483
32604481
32604480
32604478
32604477
32604476
32604475
32604474
32604473
32604472
32459259
32459258
32604470
32604468
32604549
32604548
32604547
32604546
32604545
32604544
32604542
32604543
32604540
32604541
32604539
32604538
32604535
32604536
32604374
32604528
32604533
32604532
32604531
32448752
32604530
32604529
32604527
32604526
32604525
32604524
32604523
32604519
32604520
32604518
32604517
32534448
32604516
32007126
32604513
32604514
32604512
32604510
32604509
32604508
32604506
32604507
32604504
32604503
32604313
32604501
32604502
32604500
32604498
32479727
32604497
32604496
32604495
32604494
32604493
32604492
32604491
32604490
32604489
32604488
32604430
32604425
32604424
32604423
32604422
32604421
32604274
32604419
32604418
32604417
32604416
32604410
32604413
32604414
32604412
32604411
32604409
32604408
32604407
32604406
32604467
32604469
32604466
32604465
32604464
32587342
32604461
32604463
32604462
32604460
32604459
32584375
32604458
32604457
32604456
32604455
32604454
32604453
32604452
32514081
32604451
32604449
32604448
32604447
32604446
32604445
32604444
32604443
32604442
32604440
32604441
32604439
32604438
32604437
32604436
32604435
32604434
32604433
32604432
32604431
32604404
32604405
32604403
32604402
32604400
32604399
32604397
32604398
32604396
32604395
32604394
32604391
32604390
32604389
32604387
32604385
32604386
32604384
32604383
32604251
32604088
32604333
32604332
32604331
32604330
32604329
32604328
32604327
32604326
32604325
32604323
32604322
32604321
32604355
32604021
32604320
32604319
32604317
32604318
32604316
32604207
32604354
32604353
32604351
32604352
32165562
32604349
32604348
32604347
32604346
32604345
32604344
32604342
32604341
32604050
32604340
32604339
32604337
32604336
32604335
32604382
32604381
32604380
32604379
32604378
32604271
32604377
32604376
32604375
32604372
32604371
32604367
32604364
32604363
32604226
32604362
32604361
32604359
32604358
32180041
32604315
32604314
32604312
32604311
32604310
32604309
32604306
32604305
32604304
32604303
32604301
32604299
32603223
32443207
32552329
32604298
32604297
32604296
32604294
32604293
32604266
32604265
32604264
32604263
32604262
32604261
32604260
32604259
32604258
32604256
32604257
32604255
32604254
32604253
32604252
32589010
32604250
32604249
32604248
32604247
32604291
32604292
32604287
32604288
32604289
32604286
32604285
32604283
32604282
32604280
32604279
32604278
32604277
32604276
32604275
32604272
32604270
32604269
32604268
32604267
32604170
32604169
32604168
32604105
32604165
32604163
32604164
32604162
32604161
32604160
32604159
32604158
32604157
32604155
32604151
32604149
32604150
32604156
32604154
32604153
32604152
32604145
32604144
32604143
32604142
31859586
32604141
32604140
32604139
32604137
32604135
32604134
32604246
32604133
32604132
32604131
32604129
32604130
31859610
32604245
32604242
32604241
32604240
32604239
32604238
32604237
32604236
32604234
32604233
32604232
32604230
32604229
32604227
32604225
32604224
32604220
32604221
32604222
32604218
32604219
32604217
32604216
32604215
32604214
32604213
32604212
32604211
32604210
32604208
32604206
32604205
32604204
32604197
32604195
32604194
32604193
32604192
32604127
32604126
32604124
32604047
32604121
32604122
32604123
32604120
32604119
32604118
32604117
32604116
32604115
32604114
32604113
32604112
32604110
32604109
31859674
32604108
32604191
32604190
32604187
32604186
32604185
32604184
32604181
32604183
32604180
32604179
32604178
32533226
32104266
32604177
32604176
32604174
32604175
32604173
32604172
32604171
32604083
32604082
32604081
32604079
32604080
32604078
32604075
32458474
32604074
32604073
32604070
32604072
32604068
32604071
32604069
32604067
32604066
32604065
32604064
32604063
32604107
32604106
32604104
32604102
32604101
32604100
32604099
32604103
32604098
32604097
32604095
32604094
32604093
32594532
32604090
32604089
32604087
32604086
32604085
32604084
32604036
32604035
32604034
31859826
32604033
32604032
32604031
32604030
32604026
32604025
32604018
32604019
32604017
32604014
32604008
32604016
32604015
32604013
32604012
32604011
32604009
32604010
31859841
32458425
32604006
32604005
32604004
32604003
32604002
32604001
32604000
32603999
32603998
32603997
32603995
32603996
32603994
32603924
32603993
32603992
32603966
32603965
32603964
32603963
32603962
32603961
32603960
32016518
32603959
32603958
32603957
32603956
32603955
32603954
32603949
32603950
32603952
32603951
32603946
32603947
32604062
32604061
32604059
32604060
32604058
32604056
31859783
32604055
32604054
32604053
32604051
32604048
31859809
32604045
32604044
32604043
32604040
32604039
32604038
32604037
32603918
32603917
32603916
32603826
32603857
32603915
32603913
32603912
32603911
32603910
32603908
32603907
32603906
32603905
32603904
32603903
32603902
32603901
32603900
32603899
32603991
32603990
32603989
32577355
32603988
32603987
32603985
32603983
32603984
32603979
32603976
32603975
32603974
32603972
32603973
32603971
32603970
32603969
32603968
32603967
32603945
32603942
32603941
32603940
32603939
32603938
32603937
32603935
32603934
32603933
32603932
32603931
32603739
32603929
32603877
32603928
32603927
32603925
32603922
32603920
32603919
32603876
32603875
32603872
32603874
32603871
32603869
32603868
32603867
32603866
32603865
32603864
32603862
32603863
32603861
32603859
32603858
32603855
32603854
32603853
32603492
32427025
32603898
32603897
32603895
32603894
32603893
32603892
32603891
32603890
32603888
32603887
32603886
32603885
32603884
32603883
32603882
32603880
32603881
32603879
32603805
32603804
32603803
32603802
32603800
32603851
32464416
32603799
32603798
32603797
32603795
32603794
32603793
32603792
32603791
32603789
32603790
32603788
32603850
32603849
32603848
32603847
32603846
32603845
32603844
32591651
32603842
32603841
32603840
32603838
32603787
32603786
32603784
32603785
32603837
32603284
32603836
32603835
32603834
32603833
32603832
32603783
32603782
32603781
32603780
32603779
32603776
32603778
32603777
32603775
32603774
32603773
32603772
32603771
32603769
32603768
32603767
32603765
32603764
32603763
32603831
31442904
32603483
32603825
32603824
32603823
32603822
32603821
32603818
32603817
32603816
32603815
32603814
32603813
32603812
32603811
32603810
32603809
32603808
32603806
32603735
32603734
32603733
32603374
32603732
32603731
32603729
32603730
32603728
32603723
32603725
32603727
32603718
32603721
32603724
32603722
32603717
32603716
32603715
32603714
32603712
32603713
32603719
32603710
32603711
32603709
32603705
32603707
32603706
32603704
32603703
32603708
32603701
32603700
32603697
32603696
32603694
32603692
32603695
32603686
32603762
32603761
32603760
32603758
32603756
32603755
32603751
32603750
32603748
32603749
32603747
32603746
32603745
32603742
32603744
32603741
32603743
32603740
32603737
32603736
32603688
32439910
32603693
32603689
32603691
32603690
32603699
32603687
32603698
32603682
32603680
32603683
32603679
32603678
32603675
32603676
32603674
32603670
32603668
32603667
32603664
32603671
32603677
32603673
32603672
32603659
32603662
32603661
32603657
32603656
32603658
32603654
32603655
32603660
32603652
32603651
32603650
32603653
32603644
32603646
32603647
32603639
32603637
32603641
32603638
32603642
32603640
32603643
32603645
32603634
32603630
32603633
32603631
32603632
32603628
32603629
32603618
32603626
32603625
32603619
32603596
32603593
32603602
32603597
32603595
32603591
32603588
32603587
32603589
32603581
32603583
32603584
32603582
32603579
32603575
32603577
32603585
32603580
32603576
32603578
32603574
32603572
32603573
32603570
32603563
32603562
32603567
32603568
32603569
32603565
32603564
32603558
32603557
32603556
32603371
32603555
32603553
32603552
32468415
32603548
32603528
32603524
32603523
32603522
32603521
32603520
32603519
32603472
32603518
32603517
32603516
32603515
32603514
32603512
32603511
32603510
32603509
32603503
32603502
32603500
32603617
32603621
32603615
32603616
32603612
32603613
32603614
32603608
32603606
32603605
32603607
32603609
32603599
32603600
32603603
32603604
32603590
32603592
32603598
32603501
32603497
32603495
32603494
32603496
32603493
32603490
32603491
32603489
32603488
32603487
32603486
32603485
32603482
32603481
32603480
32603448
32603479
32603477
32547784
32603547
32603546
32603545
32603454
32603544
32603543
32603542
32603541
32603540
32603539
32603538
32603537
32603536
32478199
32603535
32603534
32603533
32603532
32603531
32603530
32603476
32603474
32603475
32603471
32603470
32603469
32603468
32603467
32603466
32603465
32603464
32603262
32603460
32603463
32603462
32603461
32603458
32603456
32603455
32603453
32603388
32603389
32603387
32603088
32603386
32603385
32603384
32603383
32603382
32603381
32603380
32603379
32603378
32603337
32603377
32603376
32603375
32603373
32603372
32603370
32603452
32603451
32603271
32603450
32603447
32603446
32603445
32549901
32603444
32603443
32603441
32603440
32603439
32603438
32603435
32603436
32603433
32603431
32603432
32603429
32603411
32603410
32603409
32603408
32603407
32603406
32603404
32603403
32603401
32603400
32603399
32603398
32603397
32603395
32603062
32603396
32603187
32603393
32603392
32603391
32603390
32603369
32603368
32603366
32603364
32603362
32603359
32603358
32603357
32603356
32603355
32603354
32603020
32603430
32603353
32603352
32603351
32603349
32603347
32603344
32603343
32603301
32603427
32603425
32603426
32603424
32554562
32603423
32603422
32603421
32603420
32603419
32603418
32603417
32493650
32603416
32603415
32603413
32603414
32603412
32603342
32603002
32603341
32603339
32603340
32603338
32603336
32603335
32603334
32603332
32603333
32603331
32603330
32603329
32602981
32603328
32603327
32603326
32603325
32603324
32603323
32603322
32603321
32603317
32603237
32603316
32603315
32603314
32603313
32602839
32603312
32603311
32603308
32603307
32603305
32603304
32603303
32603302
32603300
32603299
32603269
32603268
32603267
32602719
32603265
32603264
32603263
32603261
32603260
32603259
32603258
32135999
32603257
32603256
32603255
32603254
32603253
32603252
32603251
32603250
32603294
32603293
32603292
32489826
32603291
32603290
32603289
32602808
32603288
32603287
32603286
32603285
32603281
32603279
32603278
32603277
32603276
32603274
32603273
32603272
32603200
32603198
32603197
32603196
32603195
32603192
32603194
32603193
32603191
32603190
32603189
32603188
32603186
32603185
32603184
32603182
32603180
32603179
32603178
32603177
32603249
32603248
32603247
32603246
32603245
32603244
32603243
32603242
32603241
32603238
32602710
32603236
32603235
32603232
32603231
32603228
32603229
32602397
32603224
32603222
32603176
32603175
32603172
32603173
32603171
32603170
32603169
32603165
32603166
32603168
32603164
32603167
32603163
32603162
32603161
32603158
32603156
32603155
32603154
32603152
32578166
32569065
32603037
32603149
32602725
32603148
32603147
32603146
32603144
32603143
31359112
31370210
32603142
32603141
32603140
32603139
32603136
32603137
32603135
32603134
32603221
32603220
32603219
32603218
32603217
32603215
32603214
32603213
32603212
32603159
32603211
32603210
32603209
32603208
32603207
32603205
32603204
32603203
32603202
32603199
32603061
32603059
32603057
32603055
32603054
32603053
32603052
32603051
32603050
32603049
32603048
32603047
32603046
32603045
32603044
32603043
32603041
32603042
32603040
32603038
32603091
32603090
32603086
32603085
32603084
32603083
32603080
32603079
32603077
32603078
32603076
32603075
32603074
32603072
32603071
32603070
32603068
32603067
32603066
32603060
32603058
32603133
32603132
32603131
32603130
32603129
32603128
32603064
32480116
32603126
32603127
32603124
32603122
32603121
32603123
32603120
32603119
32603118
32603116
32602734
32603115
32603114
32603113
32490021
32603111
32603110
32603108
32603109
32603107
32603105
32603104
32603101
32603099
32603098
32603097
32603095
32603096
32533701
32603093
32603092
32603035
32603034
32603032
32603031
32603029
32457911
32457912
32603027
32603024
32603022
32603021
32603019
32603018
32603016
32603015
32603014
32603013
32603012
32603011
32603009
32602985
32602983
32602982
32602980
32602979
32602977
32602978
32602976
32602975
32602972
32602969
32602968
32602967
32602966
32602965
32602964
32602963
32472524
32602962
32602961
32602960
32602959
32602958
32534850
32602919
32602957
32602956
32602926
32602954
32602953
32602951
32602952
32602949
32602950
32602947
32602946
32602945
32602943
32602942
32602941
32603010
32603007
32603006
32603003
32603004
32603001
32603000
32457883
32602999
32602997
32602996
32602995
32602994
32602990
32602989
32602991
32602988
32602986
32602987
32602984
32602912
32602911
32602910
32602906
32602905
32602908
32602909
32602907
32602904
32602903
32602902
32602901
32602899
32602896
32602897
32602895
32602894
32602893
32602892
32602891
32602851
32602850
32602849
32602848
32602847
32602846
32602845
32602844
32602843
32602842
32602840
32602838
32602836
32602940
32602835
32602830
32602829
32602827
32602826
32602825
32602824
32602939
32602938
32602937
32602936
32602934
32602932
32602931
32602930
32602929
32602927
32602925
32457833
32602924
32602920
32602918
32602917
32602916
32602915
32602914
32502611
32602888
32602890
32602889
32602887
32602886
32602885
32602883
32602884
32602882
32602881
32602880
32602879
32602878
32602877
32498626
32602876
32602875
32602873
32602872
32559736
32602871
32602870
32602869
32602867
32602868
32602865
32602866
32602863
32602862
32602861
32602860
32602859
32602858
32602857
32602856
32602855
32602854
32602853
32602852
32602821
32602818
32602817
32602816
32602815
32457707
32602813
32602812
32602811
32602810
32602809
32602806
32602807
32602805
32602804
32602803
32602802
32602801
32602799
32602798
32602773
32602771
32602770
32602768
32602767
32602766
32602765
32602763
32602762
32602761
32602759
32602758
32602757
32602797
32602755
32602754
32602753
32602752
32602751
32602750
32602748
32602794
32602793
32358564
32602791
32602790
32602789
32602788
32602787
32602786
32602785
32602784
32602783
32602782
32602780
32602779
32602778
32602777
32602776
32602775
32602749
32602747
32602746
32602745
32602744
32602743
32602742
32602740
32602741
32602739
32602738
32602736
32602735
32602733
32457994
32602732
32602731
32602730
32602728
32602727
32602726
32602724
32602723
32602722
32510503
32602718
32602716
32602715
32602714
32602713
32602711
32602712
32602709
32602707
32602708
32602706
32602705
32602703
32602702
32602701
32602700
32602697
32602694
32602693
32602692
32602690
32602689
32602688
32602687
32602686
32602685
32602683
32602684
32602682
32602681
32602675
32602677
32602676
32602678
32480908
32602557
32602559
32602560
32602654
32602558
32602551
32602550
32602552
32602553
32602555
32602554
32602547
32602548
32602549
32602646
32602649
32602651
32602648
32602652
32602653
32602540
32602531
32602525
32602526
32602644
32602645
32602524
32602514
32602518
32602515
32602517
32602523
32602520
32602508
32602519
32602522
32602506
32602507
32602509
32602512
32602510
32602511
32602513
32602502
32602505
32602503
32602494
32602493
32602499
32602496
32602674
32602488
32602490
32602491
32602623
32602626
32602627
32602638
32602673
32602671
32602669
32602668
32602667
32602661
32602666
32602659
32602656
32602647
32602643
32602642
32602665
32602664
32602633
32602624
32602611
32602610
32602660
32602632
32602634
32602630
32602629
32602640
32602639
32602485
32602487
32602486
32602480
32602481
32602482
32602483
32602479
32602619
32602617
32602618
32602616
32602615
32602605
32602601
32602599
32602603
32602602
32602598
32602600
32602594
32602586
32602585
32602582
32556503
32602574
32602657
32602460
32602575
32602570
32602568
32602655
32602562
32602587
32602588
32602589
32602593
32602592
32602595
32602591
32602590
32602584
32602459
32602578
32458111
32602583
32602580
32602581
32454931
32602577
31388313
32454928
32602478
32602476
32602477
32602473
32602474
32602475
32602597
32602471
32602463
32602465
32602466
32602467
32602470
32602469
32602468
32602464
32602472
32602596
32602461
32602563
32602573
32602571
32602569
32602572
32602565
32602566
32602567
32602564
32602456
32602458
32602541
32602539
32602538
32602537
32602536
32602534
32602532
32602535
32602530
32602542
32602561
32602453
32602521
32602527
32602492
32602495
32602455
32602451
32602452
32602450
32602457
32602454
32602449
32602448
32602445
32602446
32602444
32602443
32602442
32602398
32602396
32602395
32602394
32602393
32602392
32602388
32602391
32602390
32602389
32602387
32602421
32602385
32602386
32602384
32602379
32602378
32602377
32602375
32602374
32602373
32602419
32430582
32602414
32602415
32602413
32602412
32602411
32602410
32602409
32602372
32602407
32602406
32602404
32602405
32602403
32470901
32602402
32602401
32602400
32602399
32602371
32602368
32602367
32602366
32602364
32602363
32602362
32602361
32602360
32602359
32602358
32602354
32602352
32602351
32602350
32602348
32602347
32602346
32602345
32412540
32602441
32602440
32602436
32602437
32602438
32602439
32602435
32602434
32602433
32602432
32602431
32602430
32602316
32602427
32602426
32602425
32602423
32602422
32602420
32602342
32602341
32602340
32602338
32602337
32602336
32602335
32602332
32602333
32602331
32602330
32602328
32602327
32602326
32602324
32602323
32602322
32602321
32602319
32602318
32602192
32602191
32602190
32602189
32602188
32602186
32602184
32602183
32602163
32602181
32602112
32602180
32602179
32602070
32602177
32602176
32602175
32602174
32602173
32602172
32602293
32602292
32602291
32602290
32602289
32602288
32602287
32602286
32602285
32602284
32602283
32602281
32602280
32602279
32602278
32602277
32602276
32602275
32602274
32602273
32602317
32467517
32602315
32602314
32602312
32602311
32602134
32602310
32602309
32602307
32602305
32602304
32602303
32602302
32602300
32602299
32602297
32602298
32602296
32602294
32602271
32602270
32602269
32602268
32602267
32602266
32602265
32602263
32602230
32602261
32602259
32602258
32602262
32602256
32602171
32602254
32602252
32602250
32602249
32602247
32602246
32602245
32602243
32602241
32602239
32602238
32602105
32602237
32602236
32602234
32602232
32602231
32602228
32602219
32602227
32602226
32602224
32602223
32602222
32602221
32602220
32602218
32602217
32445335
32602216
32602214
32602211
32602213
32602212
32602209
32602208
32602207
32602206
32602205
32602146
32602204
32602201
32602202
32602200
32602194
32602099
32602145
32602142
32602143
32602141
32602138
32602137
32602136
32602135
32602133
32602132
32602131
32602130
32602129
32602127
32602126
32602121
32602123
32602118
32602122
32602170
32602168
32602165
32602164
32602032
32602162
32602036
32602161
32602160
32602159
32602158
32602157
32602156
32602155
32602152
32602150
32602151
32450366
32602148
32602147
32602120
32602116
32602114
32602117
32602113
32602109
32602108
32602106
32602103
32602100
32602098
32602097
32602096
32602095
32602093
32602094
32602092
32602091
32455648
32602090
32602089
32602085
32602087
32602084
32602082
32602081
32602080
32602046
32602079
32583536
32602078
32602000
32602077
32602076
32602075
32602073
32602071
32602069
32602068
32602067
32602066
32602065
32602064
32602063
32602062
32602061
32602059
32602058
32602057
32602054
32602053
32602052
32438132
32602051
32602050
32485995
32602049
32602047
32602041
32601993
32601971
32601970
32601969
32601968
32601967
32601966
32601965
32601964
32601962
32601960
32601958
32602039
32601957
32601913
32601955
32601953
32601952
32601951
32601950
32601949
32475284
32602040
32334741
32602038
32602037
32457317
32602009
32602035
32602034
32602031
32602029
32602030
32602028
32550786
32486965
32564202
32602027
32602025
32602024
32602023
32602022
32601974
32602020
32602019
32602018
32601975
32602013
32602012
32602011
32602010
32601828
32602005
32602004
32602003
32592089
32602002
32602001
32601999
32601998
32601996
32601995
32601994
32601992
32601991
32256817
32601946
32601990
32601989
32601775
32601988
32601987
32601985
32601984
32601982
32601981
32601980
32601979
32601977
32601976
32601972
32601922
32601921
32601920
32601919
32601918
32601917
32479849
32601916
32464138
32601915
32601914
32601911
32601912
32601910
32601909
32601908
32601907
32601906
32601905
32601903
32601948
32601945
32601944
32601942
32601939
32601934
32601938
32601936
32601937
32601933
32601935
32601932
32601931
32601929
32601928
32601926
32601927
32457286
32601925
32601923
32601876
32601874
32601872
32601871
32601870
32601797
32601869
32601772
32601868
32505892
32601866
32601867
32601864
32601862
32601861
32601563
32601858
32601857
32601856
32601855
32601853
32601854
32601852
32481500
32601851
32601850
32601849
32601848
32601847
32601846
32601845
32601843
32601844
32601841
32601840
32601839
32601838
32601837
32601835
32601836
32601898
32601896
32601897
32601895
32601894
32601891
32601890
32601888
32601889
32601887
32601886
32601885
32601883
32601884
32601880
32601881
32601882
32601879
32601878
32601877
32457171
32601790
32601789
32601788
32601784
32601783
32601781
32601779
32601780
32601778
32601777
32601706
32601774
32601773
32601768
32601765
32601764
32601763
32601762
32601760
32462228
32601755
32601754
32601694
32601753
32601752
32601750
32601748
32601747
32601744
32601742
32601551
32601741
32601739
32601738
32601737
32601736
32601735
32601733
32601732
32601085
32601810
32601808
32601809
32601807
32601806
32601805
32601804
32601803
32601802
32601801
32601800
32601799
32601798
32601796
32601794
32601743
32601793
32601792
32601791
32601746
32601834
32601833
32601832
32601831
32601028
32601830
32601829
32600993
32601827
32601826
32601825
32601824
32601822
32601823
32600506
32601816
32601815
32601814
32601812
32447715
32242972
32601704
32242971
32447714
32601702
32601703
32601699
32601700
32601701
32601698
32601697
32601696
32601695
32601730
32601693
32601691
32601692
32601690
32601689
32601688
32601728
32601726
32601725
32601724
32601723
32601722
32601720
32601719
32601718
32601717
32601716
32601715
32601713
32601712
32601711
32601710
32601708
32601707
32601705
32601687
32601685
32601681
32601680
32601677
32601678
32601676
32601675
32601674
32601673
32601670
32601668
32601667
32601666
32601665
32601664
32601663
32601662
32601660
32601658
32601659
32601656
32601655
32601654
32601653
32601652
32601650
32601651
32601645
32601641
32601643
32601644
32601639
32601648
32601640
32601647
32601649
32601642
32601646
32601635
32601585
32601584
32601587
32601574
32601582
32601583
32601578
32601586
32601577
32601575
32601576
32601573
32601580
32601581
32601579
32601570
32601569
32601568
32601572
32601571
32601612
32601613
32601610
32601611
32601607
32601608
32601609
32601606
32601603
32601602
32601600
32601596
32601599
32601598
32601595
32601593
32601594
32601592
32601591
32601590
32601637
32601633
32601636
32601634
32601628
32601632
32601631
32601630
32601627
32601626
32601625
32601624
32601622
32601621
32601620
32601619
32601617
32601618
32601566
32601565
32601567
32601561
32601560
32601558
32601555
32601556
32601554
32601553
32601552
32601550
32601549
32601548
32601547
32601546
32601545
32601543
32601544
32601542
32601515
32601514
32601513
32601512
32601511
32601509
32601508
32601507
32601506
32601505
32601503
32601504
32601502
32601501
32601500
32601499
32601497
32601496
32601493
32465973
32601541
32601540
32601539
32601538
32601536
32601535
32601533
32601531
32601528
32601529
32601527
32601526
32601525
32601524
32369638
32601522
32601521
32601518
32601517
32525331
32601436
32601435
32601434
32601395
32601433
32601432
32601431
32601430
32601427
32601426
32601425
32601424
32502125
32601422
32601421
32601420
32601419
32601417
32601416
32601415
32601467
32601466
32601464
32601463
32601418
32601460
32601459
32601458
32601457
32601455
32601454
32560639
32601453
32601449
32601447
32601492
32601448
32495334
32601446
32601445
32601442
32601491
32601490
32601488
32601487
32601485
32601484
32601482
32601481
32601480
32601478
32601477
32601475
32601474
32601391
32601472
31671087
32601471
32601470
32601469
32601468
32601390
32601389
32601388
32601387
32601386
32601382
32601385
32601381
32601384
32601383
32601379
32601378
32601376
32601374
32601375
32601372
32601371
32601370
32601367
32601414
32601413
32601134
32601409
32601408
32601410
32495116
32601407
32601406
32495141
32601405
32601402
32601401
32601400
32601399
32495211
32601398
32601397
32601396
32601394
32601305
32601304
32601302
32073779
32601301
32601298
32601295
32601293
32601291
32601288
32601287
32601286
32601242
32601285
32601284
32601283
32601282
32457322
32601281
32601280
32601279
32601278
32601276
32601275
32601274
32601273
32601272
32457094
32457095
32457113
32457108
32457096
32457099
32457110
32457114
32457098
32457111
32457104
32457105
32457100
32601366
32601362
32601082
32601360
32601359
32601358
32601357
32601356
32601355
32601354
32601352
32601353
32601351
32601349
32601348
32601347
32601345
32601346
32601344
32601343
32457112
32457107
32457106
32457103
32601271
32601270
32601269
32601268
32601267
32601266
32601264
32601263
32601261
32601262
32601260
32601259
32456405
32601257
32465313
32601258
32601342
32601299
32601341
32601340
32601339
32601337
32601336
32601335
32601334
32601333
32532472
32601030
32601331
32601330
32601328
32601327
32601318
32601308
32601165
32601306
32601229
32601231
32601232
32601228
32601225
32601226
32601224
32601223
32601222
32601221
32601220
32601219
32601218
32600788
32601216
32601215
32601214
32601211
32601210
32601209
32601256
32601254
32601253
32601250
32601249
32601248
32601247
32601246
32601171
32601245
32601243
32601241
32601240
32601239
32601237
32601235
32601236
32601234
32601233
32601230
32601156
32601154
32601155
32601153
32601152
32601151
32601150
32601149
32601148
32528163
32601147
32601146
32601144
32601143
32601142
32601141
32601140
32601139
32601137
32601135
32601208
32601207
32601206
32601204
32601205
32601203
32601200
32601198
32601199
32601195
32601194
32601193
32601192
32601191
32601188
32601189
32601187
32601186
32546444
32601185
32601116
32601115
32601113
32601112
32601110
32601111
32601108
32598075
32456637
32601106
32601104
32601101
32601100
32601099
32601093
32601098
32601097
32596910
32601096
32601095
32601094
32601092
32601091
32601090
32601087
32551071
32601086
32601084
32601080
32601083
32601079
32601081
32600850
32601078
32601076
32601074
32544811
32601073
32601072
32601070
32601183
32601182
32601181
32601180
32601179
32601177
32601175
32601176
32601174
32601173
32601172
32601071
32601170
32601169
32601168
32601167
32601164
32601162
32601161
32601158
32601157
32546298
32601069
32574221
32601068
32601067
32601066
32601064
32601065
32601063
32601061
32601059
32601057
32601058
32601056
32601055
32601054
32601053
32601052
32601051
32550063
32601050
32601049
32601048
32601047
32601046
32601045
32601044
32601043
32601042
32601035
32456577
32601038
32601037
32601036
32456578
32601040
32601041
32601039
32601032
32601136
32601133
32601132
32601131
32601130
32601129
32601128
32601127
32601126
32601125
32601124
32601123
32497443
32601122
32601121
32600996
32601120
32601119
32601118
32601117
32600958
32600957
32600955
32600954
32600951
32600952
32562872
32600950
32600949
32600797
32600948
32600947
32600946
32477266
32600945
32600944
32600943
32600941
32600940
32600939
32601031
32601033
32601029
32601027
32600953
32601026
32601024
32601025
32601023
32601022
32601021
32601017
32601016
32600823
32601015
32601014
32601013
32601012
32601011
32601009
32601007
32563134
32601006
32601005
32601004
32600885
32601003
32601002
32601000
32601001
32582837
32600995
32600992
32600982
32600990
32600989
32600987
32600985
32563766
32600984
32600983
32600981
32600980
32600978
32600976
32600975
32600974
32600973
32600972
32600970
32578570
32600969
32600968
32600967
32600965
32600964
32545276
32600963
32600961
32600959
32600891
32600583
32600890
32600889
32600888
32600887
32600886
32600205
32600884
32600883
32600882
32600881
32600880
32600879
32600878
32574276
32600877
32600876
32600875
32600874
32600915
32600913
32600914
32600911
32600908
32600639
32600906
32600907
32600905
32600903
32600902
32600901
32600900
32600898
32600897
32600896
32600895
32600894
32600893
32600892
32600938
32600937
32600936
32600935
32600934
32600933
32600932
32600930
32600931
32600929
32600928
32600927
32600925
32600924
32600923
32600922
32600921
32600918
32600917
32600916
32600843
32600842
32600841
32600840
32600839
32600838
32600837
32600084
32600836
32600835
32600833
32600830
32600829
32600827
32600826
32600825
32600824
32600822
32600821
32324200
32600872
32600870
32600871
32600868
32600866
32600865
32600863
32600864
32600861
32600860
32214496
32600855
32600854
32600853
32600852
32600851
32600846
32600847
32600844
32600845
32600819
32600818
32600813
32600811
32600812
32600810
32600809
32600250
32600807
32600806
32600804
32600803
32600799
32600796
32600795
32600035
32600794
32600452
32372223
32600792
32600743
32600748
32600746
32600750
32600747
32600740
32600741
32600737
32600738
32600733
32600736
32600735
32600731
32600739
32600728
32600730
32600734
32600732
32600727
32600726
32600767
32600766
32600765
32600764
32600763
32600761
32600762
32600759
32600760
32600758
32600757
32600756
32600754
32600755
32600753
32600752
32600751
32600744
32600742
32600729
32600793
32600721
32600720
32600722
32600723
32600724
32600715
32600725
32600719
32600717
32600708
32600713
32600789
32600787
32600785
32600784
32600783
32600782
32600780
32599930
32541548
32600777
32600776
32600710
32600707
32600712
32600705
32600469
32600704
32600702
32600701
32600703
32600774
32600775
32600773
32600772
32600771
32600770
32600769
32600768
32600697
32600698
32600718
32600700
32600696
32600699
32600716
32600692
32600694
32600693
32600695
32600714
32600691
32600688
32600690
32600689
32600687
32600685
32600686
32600681
32600683
32600680
32600679
32600672
32600677
32600676
32600678
32600671
32600670
32600675
32600673
32600669
32600666
32600662
32600665
32600664
32600663
32600667
32600659
32600660
32600658
32600661
32600657
32600668
32600656
32600654
32600653
32600650
32600652
32600651
32600647
32600649
32600646
32600648
32600643
32600641
32600645
32600642
32600644
32600614
32600612
32600627
32600611
32600613
32600629
32600626
32600610
32600609
32600608
32600623
32600607
32600602
32600601
32600604
32600606
32600600
32600603
32600605
32600598
32600594
32600592
32600599
32600596
32600597
32600615
32600593
32600589
32600591
32600588
32600590
32600587
32600585
32600584
32600582
32600579
32600577
32600578
32600581
32600638
32600640
32600637
32600633
32600635
32600636
32600632
32600631
32600634
32600625
32600624
32600622
32600621
32600620
32600618
32600619
32600616
32600617
32600628
32600630
32600555
32600554
32600553
32600551
32600552
32600550
32600549
32600548
32600547
32567686
32600545
32600544
32600520
32600542
32600541
32600540
32600539
32600538
32600537
32600536
32600511
32600510
32600508
32600505
32600504
32600503
32600502
32600501
32600500
32600499
32600498
32600493
32600495
32600494
32600492
32600491
32600490
32600488
32600487
32600484
32600580
32600572
32600575
32600568
32600570
32600574
32600576
32600569
32600567
32600566
32600565
32600564
32600563
32600562
32600560
32600559
32600558
32303146
32600557
32600556
32600535
32600534
32600533
32600532
32600531
32600529
32600528
32600527
32600526
32600525
32600524
32600522
32600521
32600519
32600518
32600517
32600516
32600515
32600513
32600512
32600483
32600482
32600481
32600479
32600478
32600477
32600476
32600475
32600474
32600473
32600472
32600470
32600471
32600468
32600466
32600465
32600464
32574314
32600463
32600461
32600395
32600394
32600392
32600389
32600387
32600385
32600386
32600388
32600384
32600382
32600380
32600381
32600379
32600377
32600376
32600375
32600372
32600371
32600369
32600368
32600459
32600458
32600457
32600456
32600455
32600454
32600453
32600451
32600450
32600449
32600448
32600447
32600438
32600462
32600445
32600444
32600443
32600441
32600442
32600397
32600440
32600437
32600439
32600436
32600435
32599751
32600434
32600433
32599544
32600432
32600430
32600431
32600429
32600428
32600427
32600426
32600422
32600421
32600420
32600419
32600418
32600265
32600417
32600415
32600416
32600414
32600412
32600411
32600410
32600409
32600407
32600406
32600405
32600404
32600403
32600402
32600399
32600400
32600401
32600398
32600321
32600320
32600319
32600318
32600317
32600316
32600315
32600313
32600312
32600311
32600309
32600308
32600307
32600306
32600305
32600304
32600302
32600301
32600300
32600299
32600370
32600367
32600366
32600365
32600364
32600361
32600362
32600360
32600358
32600357
32600355
32600356
32600354
32600351
32600352
32600353
32600349
32600347
32600348
32600346
32600297
32600296
32600295
32600294
32600293
32600292
32600290
32600187
32600289
32600288
32600287
32600286
32600285
32600284
32600281
32600280
32600279
32600278
32600276
32600275
32600343
32600340
32600341
32600339
32599519
32600336
32600335
32600334
32600333
32600332
32600330
32600331
32600329
32600328
32600327
32600326
32600325
32600324
32600323
32600322
32600202
32599801
32600199
32600198
32600200
32600201
32600197
32600196
32600195
32600194
32600193
32522519
32532457
32600274
32600192
32600190
32600186
32600184
32600183
32600182
32600181
32600273
32600272
32600271
32600270
32600269
32600268
32600267
32600266
32600264
32600263
32600261
32600260
32600259
32600257
32600256
32600254
32600252
32600251
32600179
32599965
32600180
32600178
32600175
32600176
32600173
32600172
32600170
32600169
32600168
32600167
32600166
32600164
32600163
32600162
32600161
32600160
32600159
32600157
32600158
32600228
32600227
32600226
32600224
32600222
32600221
32600220
32600218
32600217
32600219
32600216
32600213
32600214
32600249
32600212
32600211
32600209
32600207
32600206
32600204
32600203
32600248
32600247
32600246
32600245
32600244
32600243
32600241
32600242
32600239
32600240
32600238
32600236
32600235
32600234
32600233
32600232
32600231
32600230
32600229
32600141
32600140
32600139
32600138
32600137
32466605
32600136
32600135
32600134
32600133
32600131
32600130
32600129
32456099
32600128
32600127
32600126
32600123
32600124
32600122
32600156
32600155
32600154
32600153
32600152
32600151
32600150
32600149
32542741
32600148
32599808
32600147
32487635
32600146
32600145
32496741
32600144
32571378
32600143
32600142
32600073
32451914
32600071
32600069
32600067
32600068
32600070
32600066
32600065
32600064
32600063
32600062
32600061
32600060
32600058
32600056
32600057
32600055
32600054
32600053
32600051
32600050
32600049
32541529
32600048
32600047
32600042
32600040
32600043
32600041
32600039
32600037
32600036
32600034
32600121
32600033
32600032
32600031
32600029
32600028
32600027
32600120
32600119
32600118
32600117
32600115
32600114
32600113
32600112
32600110
32600109
32600108
32600107
32600106
32600098
32600105
32600104
32600103
32600102
32600101
32600099
32476750
32600096
32600097
32600094
32600092
32600093
32600088
32600089
32600087
32600086
32600085
32600082
32600083
32600080
32600079
32600077
32600075
32600074
32600078
32599978
32599977
32599976
32599975
32599972
32599973
32599971
32599970
32599926
32599969
32599968
32599967
32599964
32599962
32599961
32599958
32599955
32599954
32599957
32599953
32600026
32600025
32600023
32600022
32600021
32600020
32600019
32600018
32600017
32600014
32600015
32600013
32600012
32599923
32600011
32600010
32600008
32600009
32600007
32600006
32599951
32599347
32455968
32599949
32599948
32599947
32599946
32599945
32599944
32599943
32599924
32599942
32599940
32599939
32599938
32599937
32599936
32599935
32599934
32599933
32595650
32600001
32599999
32599996
32599997
32599995
32544739
32599993
32599992
32599991
32599990
32599989
32599987
32599986
32599985
32599988
32599983
32599981
32599980
32599979
32467449
32599855
32599853
32599852
32599850
32599849
32599848
32599415
32599847
32599846
32599845
32599844
32599843
32599842
32599841
32599840
32599839
32599838
32599837
32599836
32599903
32599902
32599901
32599900
32599897
32599896
32599895
32599892
32599891
32599890
32474318
32599889
32599888
32455923
32599887
32599886
32599883
32599884
32599881
32599880
32599879
32599877
32599876
32599875
32599874
32599872
32599873
32599870
32599869
32599868
32599867
32599866
32599864
32599863
32599862
32599861
32599860
32599859
32599858
32599857
32599931
32599882
32599927
32543260
32599922
32599920
32599917
32599918
32599916
32599915
32599914
32599913
32599910
32599909
32599908
32599907
32599235
32599906
32599905
32599904
32599788
32599786
32599785
32599784
32599783
32599782
32599779
32599778
32599777
32599776
32599775
32599774
32599773
32599770
32599771
32599769
32599768
32599766
32599765
32599764
32599763
32599761
32599760
32599759
32599758
32599755
32599757
32599756
32599753
32599754
32599749
32599745
32599744
32599742
32599741
32599740
32599739
32599743
32599738
32599735
32599736
32599737
32599733
32599732
32599731
32599730
32599729
32599724
32599723
32599721
32599722
32599717
32599725
32599714
32599728
32599726
32599711
32599727
32599716
32599835
32599834
32599833
32599831
32599830
32599828
32599827
32599826
32599825
32599824
32599823
32599821
32599820
32599819
32599818
32599817
32599816
32599815
32599814
32599812
32599811
32599810
32599809
32599807
32599806
32521910
32599805
32599804
32599802
32599799
32599800
32599798
32599795
32599796
32599794
32599793
32599792
32599791
32599789
32599787
32599719
32599718
32599720
32599713
32599715
32599710
32599708
32599709
32599707
32599706
32599705
32599704
32599700
32599698
32599695
32599691
32599692
32599694
32599693
32599689
32599690
32599688
32599687
32599684
32599683
32599678
32599682
32599680
32599681
32599674
32599669
32599676
32599671
32599672
32599677
32599673
32599675
32599679
32599664
32599665
32599666
32599663
32599668
32599662
32599667
32599660
32599661
32599653
32599659
32599656
32599657
32599652
32599655
32599649
32599654
32599658
32599648
32599645
32599646
32599644
32599651
32599643
32599642
32599635
32599647
32599638
32599637
32599639
32599636
32599631
32599634
32599632
32599633
32599628
32599630
32599627
32599629
32599623
32599625
32599624
32599626
32599617
32599618
32599621
32599641
32599640
32599619
32599620
32599622
32599615
32599616
32599610
32599614
32599611
32599608
32599607
32599600
32599609
32599596
32599516
32599515
32599514
32599513
32599511
32599509
32599510
32599501
32599506
32599508
32599504
32599507
32599502
32599503
32599500
32599498
32599499
32599497
32599495
32599016
32599612
32599564
32599562
32599561
32599560
32599559
32599558
32599557
32599555
32599554
32599553
32599551
32599550
32599549
32599547
32599546
32599545
32599543
32599542
32599540
32504456
32599539
32599538
32599537
32599536
32599535
32322159
32599532
32599534
32599531
32599530
32599527
32599526
32599525
32599524
32599522
32599521
32599517
32599518
32599093
32599473
32599472
32599471
32599470
32599469
32599468
32599467
32599466
32599465
32599464
32599463
32599462
32599461
32599460
32599459
32599456
32599455
32599454
32599453
32599494
32599493
32599492
32599491
32599490
32599489
32599488
32599487
32599486
32599483
32599484
32599485
32599482
32479422
32599481
32599480
32599479
32599478
32599477
32599476
32599452
32599449
32599450
32599447
32599446
32599445
32599443
32599444
32599441
32599440
32599437
32599438
32599436
32599427
32599434
32599433
32599432
32599431
32599430
32599428
32599425
32599426
32599424
32599423
32599422
32599421
32599420
32599419
32599418
32599417
32599414
32599413
32599412
32599411
32599410
32599409
32599408
32599405
32599406
32599404
32599403
32599401
32599399
32599398
32599397
32599395
32599394
32599393
32599392
32599391
32395279
32599390
32599388
32599389
32599387
32599386
32599380
32599383
32599375
32599374
32599373
32599372
32599371
32599370
32599368
32599367
32599366
32599365
32599364
32599363
32599362
32599361
32599360
32599358
32599357
32599351
32599350
32599349
32599348
32599346
32599345
32599343
32599342
32599340
32599341
32599339
32599338
32599337
32599336
32599334
32599333
32599332
32599331
32599330
32599329
32599327
32599326
32599323
32599321
32599320
32599272
32599271
32599270
32599269
32599254
32599253
32599252
32599251
32599250
32311754
32599249
32599248
32599319
32599247
32599246
32599245
32599244
32599243
32599241
32599240
32599239
32599318
32599316
32599315
32599313
32599314
32599312
32599311
32599104
32599309
32599308
32599307
32599305
32599304
32599303
32599302
32599301
32599300
32599299
32599297
32599219
32594186
32599218
32599217
32599216
32599213
32599214
32599212
32599211
32599210
32599207
32599205
32599208
32599204
32245923
32449676
32449682
32599203
32449680
32245925
32449679
32599197
32599200
32599202
32599201
32599198
32599199
32599195
32599194
32599196
32599193
32455919
32599191
32599186
32599184
32599187
32599188
32599185
32599183
32599181
32599296
32599298
32599293
32599295
32599291
32599290
32599288
32599289
32599287
32599286
32599285
32599284
32599283
32599282
32599180
32599281
32599280
32599279
32599275
32599274
32599273
32599179
32599178
32599177
32599176
32599175
32599174
32599173
32599172
32599171
32599170
32599168
32599167
32599166
32599165
32599164
32599163
32599161
32599160
32599159
32599238
32599236
32599234
32599233
32599232
32599231
32599230
32487503
32599149
32599229
32599228
32599227
32459242
32599226
32599225
32599224
32599223
32599222
32599221
32599220
32599158
32599157
32599155
32599152
32599146
32599147
32599148
32599144
32598919
32599143
32599141
32599140
32599139
32599137
32599136
32599135
32599134
32599133
32599132
32501992
32599110
32599109
32599107
32599105
32599106
32599103
32599101
32599102
32599100
32599098
32599097
32599096
32599094
32599090
32599085
32599091
32599092
32599089
32404820
32599088
32599087
32599084
32599083
32599081
32599077
32599076
32599078
32599080
32599079
32599074
32599073
32599075
32599071
32599072
32599070
32599069
32599068
32599065
32599064
32599063
32599062
32599060
32599061
32479822
32599059
32599058
32599057
32599056
32599055
32599054
32599052
32599051
32480042
32599050
32599047
32599043
32599042
32599048
32599046
32599044
32599039
32599038
32599035
32599034
32599033
32599032
32320799
32599030
32599029
32599028
32599027
32599026
32599024
32599022
32599025
32599021
32484411
32599018
32599020
32599019
32599131
32599129
32599128
32599127
32599126
32599124
32599123
32599121
32599122
32599120
32539725
32599119
32599118
32599117
32599116
32599115
32599114
32599113
32599112
32599111
32599015
32599014
32599013
32599011
32599010
32599007
32599008
32599006
32599003
32462525
32599002
32599001
32599000
32598999
32598998
32598997
32598996
32598995
32598994
32455552
32516266
32455553
32459316
32598958
32469980
32598957
32598956
32598825
32598955
32598953
32598952
32598950
32598949
32598947
32598948
32598946
32598945
32598944
32598943
32598993
32598992
32598990
32598989
32598982
32598979
32598975
32598976
32598973
32598971
32598970
32598969
32598967
32598966
32598965
32598964
32598963
32598962
32598960
32598959
32598916
32598915
32598914
32598913
32598912
32598911
32598910
32598909
32598908
32598907
32543979
32598906
32598905
32598904
32598903
32598902
32551893
32598901
32598900
32598899
32598845
32598844
32598843
32598842
32535655
32598841
32598840
32598839
32598837
32598836
32598835
32598834
32598833
32598832
32598831
32598830
32598828
32598829
32598827
32598826
32598942
32598941
32598940
32598937
32598938
32598935
32598933
32598932
32598929
32598928
32598927
32598926
32598925
32598924
32598923
32598922
32598921
32598920
32598918
32598917
32598898
32598897
32598896
32598895
32598893
32598892
32598891
32598887
32598885
32598886
32598884
32598883
32598882
32598881
32598880
32598878
32598877
32598876
32598563
32598874
32598824
32598823
32598822
32598821
32598820
32598819
32598815
32598816
32598814
32598813
32598812
32598811
32598566
32598810
32598809
32598808
32452719
32598805
32452718
32598806
32598804
32598802
32598801
32598803
32598800
32598798
32598797
32598796
32598788
32519603
32598795
32598792
32598793
32598791
32598873
32598787
32598789
32598790
32598786
32598784
32598783
32598872
32598871
32598870
32598867
32598866
32598865
32598862
32598861
32598859
32598857
32598855
32598853
32598854
32598852
32598850
32598849
32598847
32535647
32598846
32598756
32598755
32598753
32598754
32598752
32598751
32598749
32598748
32598746
32598747
32598750
32598745
32598744
32598743
32598737
32598734
32598735
32598733
32598736
32598738
32598729
32598730
32598727
32598728
32598726
32598725
32598722
32598715
32598717
32598718
32598716
32598714
32598720
32598721
32598719
32598713
32598712
32598709
32598710
32598681
32598679
32598678
32598676
32598672
32598675
32598673
32598668
32598670
32598667
32598666
32598669
32598663
32598659
32598664
32598662
32598690
32598684
32598694
32598692
32598781
32598780
32598778
32598779
32598775
32598773
32598774
32598772
32598770
32598771
32598769
32598768
32598767
32598765
32598763
32598764
32598762
32598760
32598758
32598757
32598711
32598706
32598704
32598703
32598701
32598699
32598696
32598698
32598702
32598700
32598695
32598697
32598693
32598689
32598691
32598686
32598683
32598687
32598680
32598682
32598688
32598658
32598685
32598656
32598657
32598654
32598653
32598652
32598650
32598646
32598651
32598493
32598648
32598647
32598649
32598641
32598644
32598642
32598638
32598640
32598645
32598635
32598637
32598636
32598633
32598634
32598631
32598624
32598630
32598628
32598629
32598627
32598621
32598625
32598626
32598623
32598618
32598622
32598619
32598620
32598671
32598617
32442722
32598615
32598613
32598608
32598607
32598606
32598605
32598604
32598602
32598601
32598600
32598599
32598598
32598597
32598596
32598569
32276701
32598562
32598561
32598560
32598558
32598557
32598555
32598554
32598552
32598553
32598551
32598548
32598547
32598546
32598545
32598544
32598543
32598540
32598541
32598595
32598594
32598593
32598592
32598591
32598590
32598588
32598587
32598586
32598583
32598582
32598510
32598581
32598580
32598578
32598577
32598576
32598574
32598571
32598570
32598486
32598484
32598485
32598483
32598443
32598482
32598479
32598478
32598477
32598475
32598474
32598473
32598468
32598470
32598471
32598472
32598469
32598467
32598466
32598465
32598539
32598538
32598537
32598536
32598535
32598534
32598518
32598531
32598530
32598529
32598528
32598527
32598525
32598524
32598523
32598522
32598521
32598520
32598437
32598463
32598462
32598461
32598460
32598459
32598458
32598456
32598454
32598453
32598452
32598448
32598447
32598446
32598444
32598442
32598439
32598438
32598435
32598432
32598431
32598427
32598430
32598429
32598428
32598426
32598425
32598424
32598422
32598421
32598416
32598415
32598414
32598413
32598412
32598411
32598409
32598407
32598408
32598406
32598405
32598515
32598514
32598513
32598512
32598509
32598508
32598506
32598505
32598504
32598503
32598502
32598500
32598501
32598499
32598497
32598496
32598495
32598492
32598488
32598487
32598404
32598014
32598403
32598402
32598400
32566784
32598397
32598392
32598391
32598390
32598389
32598384
32588585
32598383
32598382
32598381
32598379
32598378
32598377
32598376
32598301
32598299
32598298
32496678
32598295
32598293
32598292
32598291
32598284
32598278
32598279
32598277
32598276
32598275
32598274
32598272
32598271
32598268
32598267
32598266
32598328
32598327
32598326
32598324
32598323
32598321
32598320
32598319
32598316
32598315
32598317
32598314
32598311
32598310
32598308
32598307
32598305
32598304
32598303
32488132
32598375
32598374
32598373
32598372
32598371
32598369
32512814
32598368
32598366
32598365
32591696
32598363
32598238
32598362
32598361
32598359
32572871
32598358
32598357
32598356
32598352
32598239
32598235
32598236
32598237
32598231
32598230
32598229
32598228
32598227
32598226
32598225
32598224
32598222
32598221
32598218
32450222
32598217
32450223
32598216
32598351
32531263
32598350
32598347
32598348
32598349
32598345
32598344
32598342
32598341
32598340
32598339
32598338
32598336
32598335
32598333
32598273
32598332
32598331
32598329
32598264
32598263
32598262
32598261
32598260
32598254
32598253
32598252
32598250
32598249
32598247
32598246
32598244
32598215
32598243
32598240
32598241
32598242
32598234
32598232
32598213
32598214
32598212
32598211
32598210
32598208
32598209
32598205
32598204
32598203
32598201
32598200
32598198
32598199
32525700
32598197
32598196
32598195
32598194
32598187
32598186
32598185
32598183
32598179
32598178
32598177
32598176
32598174
32598175
32598173
32598172
32598171
32598170
32598168
32598167
32598166
32598165
32598164
32598163
32598099
32598161
32598160
32598159
32598157
32533848
32598153
32598151
32598149
32598150
32598152
32598147
32598142
32598140
32598139
32598138
32598136
32598137
32598134
32598133
32598109
32598107
32598106
32598105
32598104
32598103
32598102
32598098
32598095
32598093
32598092
32598016
32598091
32598132
32598087
32598086
32598085
32598090
32598088
32598076
32598083
32598131
32486208
32598129
32598128
32598127
32598125
32598126
32598123
32598124
32598122
32598121
32598120
32598119
32598118
32598116
32598115
32598114
32598110
32598108
32598080
32598081
32598082
32598079
32598071
32598072
32598074
32598078
32598073
32598066
32598064
32598069
32598060
32598063
32598065
32598068
32598070
32598067
32598055
32598044
32598062
32598061
32598058
32598056
32598054
32598051
32598053
32598048
32598052
32598050
32598049
32598038
32598040
32598039
32598037
32598036
32598035
32598034
32590490
32598033
32442595
32598032
32598027
32598026
32598043
32598045
32598042
32598046
32598041
32598047
32598057
32598028
32598030
32598029
32598031
32598023
32598024
32598025
32444422
32598021
32598019
32598018
32598015
32598013
32598012
32598011
32598009
32598007
32598005
32584623
32598006
32598004
32598003
32598002
32598001
32598000
32521658
32597940
32597998
32597997
32597996
32597995
32472118
32597994
32597993
32597991
32597990
32597989
32597988
32597987
32597986
32597985
32597983
32597982
32597981
32597953
32597979
32597952
32597946
32597951
32597945
32597943
32597942
32555202
32597941
32597939
32562597
32525841
32541817
32512913
32530605
32479435
32597933
32597932
32597931
32530139
32597928
32534845
32597926
32597925
32597924
32597923
32597922
32597920
32597921
32597919
32597918
32597917
32597915
32597914
32597913
32516018
32597912
32597911
32597908
32597907
32597906
32597977
32586774
32597976
32523346
32597975
32538608
32597972
32597970
32597969
32597968
32597967
32597966
32597965
32597961
32597960
32597959
32597957
32597956
32597954
32597947
32597905
32597904
32597895
32597899
32597898
32597896
32597890
32597892
32597891
32597893
32597894
32597889
32597888
32597885
32597886
32530761
32597883
32597881
32597880
32597879
32597850
32597849
32597848
32597847
32597844
32597845
32597841
32597840
32597839
32597837
32597838
32597836
32597834
32565895
32476787
32597833
32597832
32597830
32597829
32511767
32597884
32597882
32597878
32597873
32597874
32597871
32597872
32597869
32597868
32597867
32597866
32597863
32597861
32597864
32597860
32597856
32597855
32597853
32597852
32597851
32597826
32597825
32597824
32597822
32597821
32597819
32597818
32597817
32597812
32597813
32597810
32597809
32597808
32597806
32597805
32597804
32597803
32597802
32597801
32597796
32597778
32597775
32597774
32597773
32597772
32597756
32597769
32597768
32597767
32597764
32597034
32597763
32597038
32597758
32597757
32597755
32597753
32597752
32597750
32597093
32597749
32597748
32597747
32597004
32492855
32597746
32597745
32493006
32597744
32597742
32597743
32597741
32597739
32597001
32493301
32597738
32596973
32597737
32597733
32597732
32597730
32597728
32597688
32597727
32494166
32597722
32596947
32495079
32597721
32597720
32597719
32493585
32597716
32596933
32597713
32596927
32597712
32597711
32597710
32597709
32597708
32597707
32597706
32596891
32597704
32597703
32597702
32597701
32597700
32597699
32597698
32597695
32597694
32597693
32597692
32515261
32597691
32597690
32588947
32597687
32503109
32597794
32597793
32597791
32597762
32597789
32597788
32597787
32597786
32597290
32597785
32597784
31533897
32432644
32197132
32597783
32597782
32587173
32597780
32597777
32597685
32597684
32597683
32597682
32597681
32597678
32484307
32597674
32596849
32597673
32597672
32597671
32597670
32597669
32597668
32597667
32597666
32546529
32597665
32597663
32597662
32597661
32596783
32597659
32597658
32597656
32597655
32597653
32597654
32597651
32597650
32597652
32597646
32597648
32597643
32597642
32596755
32597641
32597640
32597639
32597637
32597636
32597635
32597632
32597629
32597628
32597627
32597626
32597625
32597624
32597623
32597622
32597621
32597618
32597615
32597614
32597612
32597610
32597606
32597605
32597604
32597602
32597601
32597600
32596747
32597599
32597597
32597596
32597595
32597594
32597593
32596711
32597592
32596698
32597589
32597588
32597585
32597584
32596696
32596686
32597553
32597549
32597540
32597539
32597530
32597526
32597525
32597524
32597523
32597522
32597521
32597517
32597516
32597515
32597513
32597512
32597509
32597508
32597507
32597504
32597503
32597502
32597495
32597488
32597474
32597470
32597471
32597487
32597486
32597464
31822084
32454542
32597485
32454543
32597483
32597484
32597482
32597480
32597481
32597479
32597577
32597576
32596681
32597574
32596654
32597569
32597568
32597567
32597566
32597565
32597563
32597562
32597477
32597561
32516873
32597559
32597558
32597557
32597556
32597555
32597554
32597475
32597478
32597469
32597465
32041939
32597467
32041938
32597466
32597468
32597460
32041937
32597456
32597455
32597454
32597453
32597452
32597448
32446153
32597444
32597388
32597386
32597379
32597371
32597364
32597357
32597356
32597354
32597346
32597343
32597339
32597337
32597336
32597335
32597324
32597296
32597294
32597295
32597293
32597280
32597278
32597276
32597275
32597273
32597274
32597272
32597266
32597268
32597267
32597261
32597263
32597262
32597260
32597264
32597253
32597250
32597248
32597245
32597244
32597416
32597418
32597420
32597421
32597415
32597410
32597409
32519756
32493460
32597407
32322368
32597405
32597404
32597243
32597403
32597402
32597400
32597397
32597392
32597391
32556560
32597241
32597240
32597228
32597223
32597218
32597214
32597211
32597210
32597208
32597196
32597195
32597194
32597193
32597443
32597192
32597190
32597188
32597189
32597185
32597180
32597446
32597445
32597442
32597441
32597440
32523242
32597436
32597437
32597435
32597434
32597433
32597430
32597428
32520032
32597426
32519622
32597422
32597419
32597417
32597177
32597176
32597165
32597161
32597160
32597159
32597157
32597158
32597154
32597151
32597155
32597153
32597156
32597152
32597150
32597144
32597146
32597149
32597148
32597147
32597110
32597105
32597102
32597103
32597097
32597096
32597095
32597094
32597091
32597089
32451885
32449706
32453319
32450322
32458270
32450709
32459006
32443005
32450535
32450534
32597145
32597143
32597140
32597141
32597142
32597139
32597138
32597136
32597137
32597135
32597133
32597134
32597132
32597131
32597129
32597130
32597127
32597116
32597086
32597090
32597088
32451819
32451816
32597084
32597085
32597082
32597077
32597079
32597076
32597072
32597080
32597074
32597078
32597075
32597083
32597073
32597068
32597063
32597070
32597069
32597061
32597071
32597059
32597067
32597062
32597060
32597065
32597056
32597058
32597057
32597055
32597053
32597054
32597052
32597048
32597051
32597050
32597049
32597047
32597046
32597045
32597044
32597043
32597041
32597040
32597042
32597039
32597037
32597035
31813089
32597033
32597032
32597031
32597030
32597029
32597028
32597027
32597025
32597024
32597023
32597022
32597021
32597017
32597018
32597016
32597019
32597015
32597014
32597013
32597012
32597011
32597010
32597009
32597007
32597006
32597005
32597003
32597002
32597000
32596999
32596998
32596997
32596996
32596995
32596994
32596993
32596992
32596991
32596990
32596989
32596988
32596987
32596979
32596986
32596985
32596970
32596968
32596964
32596954
32596984
32596983
32596982
32596917
32596981
32596980
32596978
32596977
32596976
32596975
32596974
32596971
32596969
32596967
32596966
32596965
32596963
32596962
32596938
32596937
32596936
32596935
32596934
32596932
32596931
32596930
32596929
32596928
32596926
32510569
32596925
32596924
32596923
32596922
32596921
32596920
32596919
32596918
32596890
32596889
32596888
32596887
32596885
32596884
32596883
32596881
32596882
32596880
32596879
32596878
32596877
32596876
32596875
32451755
32596874
32596873
32596871
32596870
32596961
32596959
32596958
32596957
32596955
32596956
32596953
32596952
32596951
32596950
32596949
32596948
32596946
32596945
32596944
32596943
32596942
32596941
32596940
32596939
32596844
32596845
32596846
32596843
32596842
32596841
32596840
32596839
32596838
32596836
32596835
32596834
32596833
32596832
32596916
32596831
32596800
32596830
32596829
32596828
32596827
32596912
32596915
32596914
32596913
32596909
32596907
32596906
32596905
32596904
32596893
32596903
32596902
32488856
32596901
32596898
32596897
32596896
32596895
32596894
32596826
32596784
32596825
32596824
32596823
32596822
32596821
32596820
32596818
32596817
32596816
32596815
32596814
32596813
32596812
32596811
32596810
32596809
32596807
32443269
32596869
32596868
32596867
32499262
32596866
32596865
32596863
32596862
32596861
32596860
32596858
32596857
32596856
32596855
32596854
32596853
32596852
32596848
32596847
32596837
32596806
32596805
32596804
32540422
32540427
32596803
32596802
32596801
32596799
32596798
32596797
32596796
32596795
32596794
32596793
32596792
32596791
32596790
32596789
32596788
32596787
32596786
32596785
32453882
32453878
32458999
32596781
32596780
32596779
32596778
32596777
32596776
32596775
32596774
32596773
32462627
32596771
32596734
32596770
32596769
32596745
32596744
32596743
32596656
32596742
32596741
32596643
32596740
32596739
32596738
32596737
32596736
32596735
32596733
32596732
32596731
32596730
32596729
32596728
32596727
32453634
32596726
32596725
32596724
32596723
32596722
32596719
32596718
32596717
32596716
32596714
32596715
32596713
32596705
31816716
31816715
32596712
32596710
32596708
32596707
32596706
32596704
32596703
32596702
32596701
32596700
32596699
32596697
32596695
32596694
32596592
32596693
32596692
32596691
32453232
32596690
32596689
32453218
32453217
32596688
32596768
32596721
32596765
32596767
32596766
32596764
32596763
32596762
32596761
32596760
32596759
32596758
32596756
32596754
32596753
32596751
32596750
32596749
32596748
32596746
32596664
32596662
32596663
32596661
32596660
32596659
32596657
32596655
32596653
32596652
32596651
32596649
32596648
32596647
32596646
32596645
32596644
32596636
32596642
32596641
32596640
32596639
32596638
32596574
32596637
32596635
32596634
32596631
32596630
32596629
32452575
32596628
32596627
32596626
32596625
32596624
32596623
32596622
32596621
32597543
32596687
32596685
32596684
32596683
32596682
32596680
32596679
32596678
32596677
32596676
32596675
32596674
32596672
32596671
32596670
32596669
32596668
32596667
32596666
32596665
32596599
32596601
32596598
32596597
32596595
32596594
32452231
32596591
32596590
32596589
32596577
32596588
32596586
32451584
32596585
32596570
32596583
32596579
32041667
32041669
32597541
32596619
32596618
32597548
32596617
32596616
32596612
32596614
32596613
32596615
32596610
32596611
32596609
32596608
32596607
32596606
32596605
32596602
32596603
32596600
