2000
2046
2020
2038
2041
2041
2019
2000
2015
3160
3160
3160
2023
2041
2026
2026
2137
2007
2024
2136
2134
2137
2062
2046
2021
2036
2008
3116
2046
2031
2031
3770
2137
2138
2034
2090
2090
2090
2132
2032
2027
2008
2000
2030
2203
2036
2018
2027
2011
2136
2042
2043
2015
3786
2046
2037
2037
2065
3770
2045
2036
2140
2140
2140
2065
4030
3791
3766
4059
4059
2032
2061
2089
2036
2060
2040
2049
2138
3140
2040
2036
4030
2036
2035
2035
2204
2204
2036
2060
2000
2050
3793
3765
2021
3138
2137
3767
3796
2065
2089
2089
2042
2026
2137
3788
2021
2137
2035
2049
2049
2036
2027
2036
2009
2022
2031
4059
2016
2138
3121
3121
3121
3121
2046
2030
2029
2039
2011
2046
3787
3789
2060
2034
3205
3006
3141
3006
2044
2031
2048
2135
2136
2130
2010
2044
2000
2026
3160
2044
3792
2000
3142
3785
2007
200
3158
2030
2046
2017
2030
2024
2060
3003
2048
4030
2065
2011
4030
3770
2017
