2540
2009
4218
2550
6383
2763
5322
6394
3540
2831
7292
2828
2665
2721
3030
3401
3550
2620
2620
2620
2620
6281
4805
2022
6107
2850
2096
3225
3984
4072
5014
7467
4820
6239
6405
6302
2580
2632
2622
4480
4403
6281
6391
6258
6030
2343
2343
4670
7310
5433
2325
2566
5291
4740
4305
4307
2795
4697
3373
7305
4810
4581
2430
2440
3424
2454
5322
5322
7109
822
2460
4358
5575
2217
2217
3951
2642
7112
2031
7109
6390
7255
2380
4352
2370
4405
3132
4350
6530
4817
2287
2669
2701
4154
5204
810
2469
4815
4287
2283
3465
3465
3023
4352
2259
4888
6346
2824
4816
3453
7250
3453
6208
2330
4892
4630
2446
2422
6434
2321
3825
2830
3880
2324
2324
3570
2571
7109
3496
5255
6503
2430
2603
2347
4059
4701
3937
3937
6056
7304
3371
2370
4892
2456
2577
3350
4312
2446
4301
4301
3477
6721
5502
2330
3523
4020
4020
6104
2370
3444
2016
4467
4605
6286
2290
4671
5521
4165
2646
4870
6327
6327
7330
4660
5097
4350
2330
4227
5275
3658
3395
3895
3579
7304
2550
6640
2666
3799
7256
4552
5502
6507
4341
5010
3072
2143
4118
2745
2612
4816
5118
4625
2586
2622
6280
7258
6472
5280
7469
5341
5341
5341
5341
2646
5008
2575
2480
2454
3095
2484
3073
6076
2355
7254
4723
2212
2212
2212
3858
5161
5161
7190
3517
2630
2138
4718
3923
3377
7120
5412
3385
7316
3480
3480
3480
2905
2580
4077
3121
2480
4820
2753
3121
2753
3518
4740
5033
3121
7025
2323
3121
3431
5097
4702
7054
4563
6030
7321
5008
4311
3666
2472
7263
6258
4565
3135
3134
2646
4343
3134
4800
4306
3818
3215
3185
5540
5540
7017
7016
4807
4655
4680
5253
5253
4074
2850
4626
2444
7250
3401
3860
2765
4385
5412
6148
2372
6103
2066
4303
2210
2611
2330
4310
2360
5276
2577
4109
3971
5381
7275
2795
4226
4226
4230
3019
6330
3549
4123
4123
7248
7170
5464
3561
3442
2630
2795
2480
3335
2216
4700
4701
4700
4700
6168
6168
4854
6168
3401
4106
4106
6751
5254
2795
2795
3364
4344
4510
4343
2632
4350
6532
5280
7321
2371
4357
2357
5254
6397
2550
7190
2628
5381
2259
4873
5238
3377
2358
4701
2046
4678
4370
6718
6725
6226
7330
5571
7019
3821
3351
3330
7306
6111
2441
4702
4816
4455
7320
3434
2422
2766
4343
2395
2760
6285
6285
4401
3084
2030
2029
7015
5067
3678
2534
2480
2793
2474
2474
1445
832
7470
3395
2320
3285
3939
3940
2536
4674
5350
3847
7140
2142
4370
2196
4740
2560
2632
4560
4811
4370
3385
5275
7010
4340
7292
7277
2069
2069
5013
5013
3737
2446
4340
5371
2580
3564
7018
7018
4570
3351
4816
7209
7213
3377
2439
2336
2621
4812
5072
4703
2557
6401
4702
6148
4356
4895
5073
3477
2320
6620
4022
2675
6161
2336
2336
2330
2158
4677
7320
2484
2846
4718
2477
2477
2155
2650
7270
2387
4810
5352
2484
3340
3178
3064
5725
1225
7213
5014
2620
5070
4515
2039
6280
3712
4380
3953
4670
4702
5642
6532
3666
2648
2583
2474
4674
2580
4216
4113
5000
4287
3691
2850
2536
4615
7190
3558
3388
4740
2560
4521
2011
2346
2460
3612
2600
4184
2046
2517
3331
2320
3685
2480
2658
4825
3875
6395
3992
2790
1701
2116
1680
2586
3941
4361
2283
2849
3810
6280
4401
2756
870
5413
2168
6169
3936
4875
3461
3556
3461
5461
3850
5255
5109
2420
5109
4107
5108
2850
6445
2318
5264
6152
5401
5433
2430
3673
4520
5114
6163
4520
2650
2262
3925
6210
2446
5309
2428
5255
5237
7150
7020
3312
4017
2304
4017
3579
3977
4740
2700
2469
5571
5356
2463
3462
6330
4701
3191
6532
6639
7005
2456
4361
2338
4515
5350
3695
2372
5275
2729
6535
2372
4871
2172
3959
4615
2646
2219
872
2360
4702
5222
4275
2251
3858
4737
4737
4737
3875
2622
7307
3787
2350
7321
2646
2474
2452
4822
6447
7215
2515
4020
6019
4655
3351
5680
5311
2756
2762
6285
2337
7330
3176
3179
3352
7330
4570
2648
2105
3352
6333
5153
6275
6288
6244
2338
3267
2330
2447
7260
4804
4313
4570
4356
2614
7256
3533
6042
3028
5049
5049
5047
5047
3851
5169
5169
5169
5169
3198
2092
4741
2324
2286
3018
5223
2423
3851
5023
3858
5049
3821
3556
2666
5280
3356
5204
6173
5353
5223
3011
3011
2330
3551
2460
2162
5083
2337
4876
7292
3159
4630
4816
5174
5174
3737
5019
5019
5019
5268
3234
5355
6330
4754
3517
6125
3420
1730
4170
2440
5453
4344
4073
4677
4820
4380
3139
6112
3139
4570
2470
3660
7215
3660
6386
2800
6333
3821
4128
2428
2770
2747
2470
7030
2370
6262
2460
2630
4873
3898
6537
2463
4670
2729
5267
4818
3377
3331
5371
3666
5581
7307
2790
3392
4515
7306
5158
3515
4157
3329
2529
4855
3701
6148
2529
2261
4551
6008
3461
3631
3631
3630
3789
5607
5301
6714
2440
4075
5267
4809
2315
4750
2535
4702
6169
2787
2060
3916
4017
5279
2307
6225
4802
7270
3444
6280
2372
4304
4857
4856
4854
3795
4800
4352
6210
4385
4872
2752
4307
4605
3922
4401
2880
5204
1811
4370
4454
2469
3266
7150
3888
3465
6065
6450
2330
2330
6175
2775
4073
4556
6437
7321
7325
2469
6426
3233
3233
2478
3260
2440
3518
2481
3361
5072
3977
4671
4127
4740
4370
3477
5607
2483
7186
2567
3364
6258
2164
5114
4878
5114
2164
4385
3922
2460
3760
2428
7330
2440
3364
3741
5680
4702
3351
3351
3971
3351
2824
2622
5520
2628
7054
2790
2795
4825
3350
2317
5641
5540
6207
3927
2250
4312
7322
2340
5044
3062
3912
6430
4382
7140
7172
3943
6020
2640
2449
7022
2478
2795
4670
6424
6432
2790
5048
4101
4101
2880
7150
6230
7320
6421
6701
2034
6317
6411
3995
2536
4615
4680
2473
7330
6162
3220
4680
6317
2483
2460
2142
6528
6055
2722
2480
2365
6722
7004
5550
2221
4860
4660
4859
6430
2440
5573
3015
4670
6352
6368
6489
6353
6164
2480
2790
4740
4280
2320
2756
3205
4852
3752
6635
2484
4615
6355
7315
2541
2549
2750
6151
6151
6701
5038
3260
6383
7316
4306
6324
4216
4496
6409
2340
4350
4810
6488
4680
2074
2145
2431
3006
2756
2550
4702
3141
6487
6426
6532
6208
2460
6253
3006
4363
4871
5280
6401
3283
6426
6110
2460
3192
4215
4215
4215
7109
4570
4406
5454
6530
7315
3461
6163
5345
3488
4613
2284
2735
3585
4881
2615
5271
2775
6330
6401
2820
2454
2088
4630
4306
2640
3015
7315
7310
7190
4352
2800
4343
2570
5453
2850
2470
5453
3550
2500
4000
3444
2360
2388
2343
2798
3352
4213
2641
2666
4380
3351
4300
4300
2250
4300
5062
7260
3434
6525
3682
4804
3364
2618
6308
2800
4356
4722
5235
2650
3172
3171
2777
4127
5291
2102
4671
5097
2775
3219
3021
3941
2566
3761
3477
3477
3478
4352
2330
5011
3995
2850
2622
4487
6728
2540
5064
3620
3088
4798
2560
3401
4356
7216
3285
2257
2075
2075
5252
3727
6102
2176
5373
3183
4671
8008
8004
5110
3182
3182
3182
5356
4707
1590
7250
3223
4067
4067
2760
1790
5042
2760
7215
5068
2031
2044
5069
6302
4405
4892
3971
4053
4053
4053
3351
3691
6181
4613
4821
4702
2360
2705
2327
2768
2335
3623
3623
5453
5415
7331
3747
2048
4514
2369
2371
5582
4380
2508
4702
2508
4207
2790
5000
3340
3379
7306
3380
2710
3775
5413
2631
4207
3331
5356
5575
5433
5069
7030
5271
4702
3725
2337
2795
2443
7216
2611
6271
5710
5152
3893
6021
3862
4625
2725
4280
5410
2322
2295
4871
5355
2460
5460
3373
5330
4344
2484
5223
5480
5352
3218
2370
4357
7120
4612
4356
3373
2580
4120
6081
7119
2480
2550
4514
3371
2734
7252
7310
5066
3260
7306
4380
7184
4860
2487
6714
5461
7321
3851
7468
3461
3533
2422
4870
3862
3658
5255
6530
3622
6237
7109
3666
2429
3550
4800
3312
2470
6309
3099
2135
4742
2136
3551
3301
3364
3641
3041
3041
4500
4500
6056
2012
5680
3351
4000
3777
6721
4116
7140
2611
2420
2425
2415
5271
4714
7255
3950
3477
870
820
4811
5320
2820
2441
2852
2710
3152
4210
5223
6770
4829
5047
7140
6008
6904
6008
6164
2481
3658
2420
4380
3234
3885
3352
5583
2800
2130
2440
7250
4341
2259
3922
5141
4074
4074
3057
2777
4680
3429
3658
3922
4860
5322
2795
4605
4109
4109
4109
5422
3496
5353
4416
5253
7305
6256
5552
4567
6530
4825
2879
3922
4655
2536
4567
4560
3020
2264
4558
3020
3020
2820
4417
4724
2536
3922
4217
2536
7116
7256
5126
3127
3127
2010
4655
2540
1499
3477
3331
5374
2577
3448
2620
3530
5291
4743
4670
2324
7252
3225
2462
4370
3585
3585
3225
3249
7275
5354
3903
2370
6056
4306
6010
2360
4371
2540
3673
5253
2439
4807
2281
2281
7190
7120
3477
3480
5270
2325
3896
2044
3037
2129
2000
2127
1235
2224
2224
3575
2609
3149
4610
3875
2420
2472
2652
3607
7325
2640
4605
4285
3289
4285
2469
2259
2259
3714
3315
3301
3310
2324
2573
4018
5259
6324
4671
7325
4655
6710
2447
7263
2839
2720
3371
6302
6302
5311
4650
4362