2164
4625
2734
4562
7252
2770
2107
3714
5603
3564
4606
3461
4370
2097
3150
2758
2583
2429
4387
2480
4352
6718
2469
3556
3483
6123
7184
2836
6162
870
5254
7258
3550
5575
4352
4507
6532
2795
4306
5253
5690
2290
7120
3660
3950
2460
6068
7255
7303
5607
5607
5108
5172
4503
4870
3733
3678
4802
6207
2330
3219
3757
2705
5461
3243
2428
3735
3735
3735
3612
5601
5600
5609
5608
5608
5608
5600
5600
5608
5420
2795
6473
2474
2580
6532
6532
6370
2293
7256
6720
3379
2328
4570
4570
4570
4490
2680
6443
4413
4520
5330
4612
2756
6302
2850
6041
7030
3728
2836
5641
2453
5271
3953
5501
4370
2720
2577
3429
2195
6243
6243
6258
6479
5301
4608
3393
6156
6156
2382
5419
5267
5554
3485
6728
5118
3283
3379
3379
2440
4110
2680
3393
6155
2440
6333
3027
6391
2620
2620
3016
5351
3016
6430
2318
2314
2653
2423
2770
5433
2068
2068
2068
5222
5253
5211
3825
2339
2534
4209
4306
5431
3764
4702
4702
4370
3360
4829
5222
2372
3847
3847
5172
5172
5172
2710
5255
6330
5485
7310
2850
4800
4625
6107
2482
3515
4307
4570
3960
4350
4350
4051
2571
7321
6646
6280
3922
2795
2346
2795
3241
3241
4721
6450
2306
2528
4207
2320
2580
2800
4605
2321
2264
4670
7252
3352
2850
4478
4481
2720
2795
2756
5087
2756
4030
5501
3181
6262
2343
2460
4670
2829
3891
7255
3321
2579
2337
5013
2429
2631
3477
5343
7275
3585
2777
7265
3546
3304
6255
820
3858
5700
3281
2153
4825
6150
3673
2344
4735
3673
5570
4347
4515
2640
2849
5481
2420
3608
5267
2803
2447
5204
2871
5661
5223
3885
2795
2775
4122
3189
5251
6286
5671
4352
4275
6230
4552
6447
6751
2440
4311
4306
7320
4370
2606
3690
3689
2550
6370
6221
2422
5520
4721
4207
2790
2790
2850
2330
3750
2205
2581
2325
2350
2477
2500
2500
2500
2065
2540
2354
5269
2550
4570
4465
6519
2515
2460
3888
2587
5320
3409
2580
2731
2756
4370
3971
4671
4671
2551
2551
2256
4606
2729
4390
4887
4655
4873
3115
3960
4883
4852
6401
6603
2831
3234
4210
2530
4275
2346
6630
5238
3862
2350
5481
5419
3737
6280
3995
6530
5340
3401
3962
4620
3596
6316
2322
2560
4343
7162
6056
2472
4703
7120
5255
2767
5162
2476
3442
4305
3442
4680
3715
2463
2778
4514
3281
5072
4660
3875
2535
4285
3294
2580
2536
4343
6018
5254
2480
4352
5311
3945
6701
4625
2164
4114
6041
2284
830
5253
3723
7120
3874
3874
2372
5244
3874
2347
2360
3551
4816
7109
3751
3463
3556
6026
2470
5012
5012
2321
5011
5011
5011
5011
4802
2466
4019
6324
5575
3249
3995
2354
4702
3860
4822
2582
2456
6630
2462
1350
2540
2011
4102
4515
4352
820
2470
7330
6369
2340
4570
2337
4310
2230
4030
2464
5330
5412
3518
4340
5400
3276
5272
5701
2110
2644
2469
4559
3485
5720
4357
4570
4670
2259
4207
2517
2517
4871
4713
3747
6701
3962
3960
3953
3139
4507
3589
3588
3589
3272
6558
4608
4702
4605
3525
4860
6530
3518
4552
3315
6562
2423
4621
2483
4868
2002
8005
2850
5381
4213
2508
2233
2232
2540
5291
2540
3858
6225
4702
2256
2256
2642
3860
4601
5271
2540
2611
2540
2775
4869
3860
4892
3891
6612
5652
4895
3875
812
3885
3885
3885
4811
4305
6560
3635
6112
4806
5311
4714
6390
3241
4680
3850
822
4575
4627
4352
2820
3875
4390
6485
4350
4615
2671
2469
2622
4489
2808
2720
4310
4382
2333
2259
4702
3527
3527
3525
3525
4455
3234
5291
2259
2259
3237
7254
6568
2372
2330
2640
5306
2550
3024
6740
2474
5127
4178
4178
4178
4178
7325
6407
5275
2250
2259
2259
2259
2480
4352
3620
3620
6609
4704
3424
3646
3646
6239
2469
4818
5470
3749
2539
4390
2423
2199
4892
5291
6330
5641
4352
6701
5690
4741
2580
3637
6635
3378
6535
2530
3085
2408
6282
6282
3825
3825
5607
3885
5431
2540
6280
4720
4305
2464
5340
7256
3285
2550
3621
3755
3418
3960
6035
2703
6522
4673
4478
2574
4352
4561
4561
3537
3461
3461
6701
5680
2711
4371
6164
3283
3858
5653
5203
2550
6258
6710
3981
2343
2840
5661
5432
2629
3451
4702
2644
6509
3719
6525
4401
6218
4573
3283
7256
3775
3797
2580
4871
2875
3516
4207
2850
4892
6522
2820
3823
3823
2842
2650
5433
2441
2600
3971
2259
2343
4614
3091
2753
2447
2720
4356
2446
2429
2440
3013
2328
3575
2233
2850
830
2264
3730
3730
2388
4630
2620
3644
2370
2354
2358
3677
4694
2582
2582
4207
4207
5126
3301
2650
6507
5422
2251
5114
2539
2729
3478
3717
6260
6503
6372
5632
4105
4388
6487
2483
3139
2371
2548
2527
6426
5558
3505
6280
2681
4625
3352
4650
2161
3249
3249
2868
4703
6571
3770
2642
4104
4650
2575
2540
2440
2795
2410
6532
3525
3525
3638
6430
6312
4313
5332
3869
3869
2446
880
6275
6060
6060
7325
5493
2680
6280
7120
3477
7270
6302
4875
5573
5576
4878
2470
6311
6256
6383
3646
3728
6407
2594
5238
6330
7249
6225
4490
2228
2550
872
4520
4416
872
4427
4427
4427
3301
2867
5261
6532
5172
3727
4884
5440
872
2464
3063
4850
3237
5254
6434
2484
7469
3634
2017
4034
4710
3401
6536