5118
2632
4880
6163
6163
7215
2570
6076
6157
4275
6260
4401
2827
2642
2770
4650
2453
5238
3490
6330
2579
3231
2339
3799
2330
2650
2330
2583
3707
4621
4216
5153
2486
2486
6375
2680
2107
2107
4225
6725
4390
3858
2829
5311
2630
2804
2483
2453
2795
4715
2758
4854
2611
2810
6472
2536
3533
7216
2584
2583
2422
6574
3896
6502
6502
6430
2404
2469
4702
2537
4852
3966
2311
3898
2399
4625
2630
2479
4211
2395
6233
6532
5262
2665
2041
3483
3483
6214
5223
7162
4482
2446
5234
3505
2710
4854
4159
5015
2287
4285
7303
3242
2844
2143
4575
2326
2340
3918
2439
4343
5035
2430
2322
5353
3350
7140
2828
2365
4563
5571
2550
3381
4818
7321
3193
5431
3193
4600
2787
5413
4472
2283
3130
3130
3130
4306
2529
4306
4306
4702
2770
5291
5201
5275
2785
3401
2790
2444
4850
4740
2281
4306
4304
2148
2343
2256
7275
3844
4717
5051
3458
2560
5084
3942
4625
2559
2480
2221
5114
3342
5250
2581
3364
5700
5357
4352
2721
2338
4310
2142
2774
2774
4405
2460
2758
2799
4341
7212
5255
5171
4560
2756
2713
3980
5730
4895
4799
2720
3352
2261
2262
2480
4350
4737
2408
7255
2380
4818
4818
2428
5575
6530
4702
7260
5462
4455
6208
3351
6280
2452
2450
2582
2316
7321
5275
2877
6320
2429
3678
2443
2316
2630
3301
5655
2631
2850
2865
5453
2545
6424
2820
6390
2739
2876
2826
4425
2488
2849
2409
2382
4805
3699
2390
4817
4818
2430
3669
3669
3531
4875
6394
3490
3860
6392
4575
3387
2629
6568
3432
5110
2372
4570
4488
2540
5238
2283
3546
2320
2320
3305
3352
2460
2541
2423
2632
2622
4871
2850
2533
2720
2720
2650
2357
4625
3820
2469
3888
3196
4229
2026
2632
1355
2026
4703
3691
3939
4507
4356
3561
2264
2914
2226
7053
4873
3720
6479
6525
2445
2177
2177
4213
2361
4385
3352
2450
4370
2905
5417
7264
6722
6423
4401
2480
4871
4610
2650
3260
5690
6525
2257
2582
2372
5333
2460
5271
3825
2423
3960
2284
3870
3870
4671
4702
2388
3880
5482
5330
2711
2540
3392
3728
2712
7177
2428
2866
2476
2405
4621
2877
4310
3235
2409
6503
4601
4413
4034
4406
4613
5633
2372
4650
4650
6429
2480
6154
2284
2425
4655
6475
6262
6431
3265
2652
2429
3678
3685
3678
3723
2350
4552
2372
3953
2650
2710
2586
5554
3537
3730
2430
6532
6521
2428
4601
4304
4304
4671
2480
2471
2346
4306
3682
2343
2650
6286
6338
2474
6320
5268
5268
2652
2800
4565
2800
3379
6330
2622
4124
2111
3155
4678
5309
854
3518
6394
2176
2453
3260
5607
3977
1455
7030
2850
2469
2251
4714
6432
4702
4829
6312
3599
2828
2840
2650
2548
2868
6211
6280
2566
6333
2864
5007
6225
4006
2753
4805
2790
3465
4404
5374
6535
3675
3675
6623
5238
5461
2340
2422
2422
2330
3735
5550
2644
2582
2576
2449
3678
2257
3129
2765
3128
3128
2357
2580
6338
3725
6056
6237
6450
2551
7140
6316
4275
4680
4680
4680
4610
4626
6244
6055
4512
4695
4017
7302
2560
5153
2612
3463
3361
5381
7140
2339
2628
2575
4850
4313
3195
5109
2622
870
5670
6285
4871
4625
4352
3630
3150
4808
7304
4800
3821
2324
7261
3302
2335
4670
4305
2460
3821
2337
2484
4500
5276
3019
2484
2579
6251
2581
4800
7258
3303
4825
2849
2137
3219
2540
7175
3227
2626
4820
2827
6503
2381
6338
4305
3517
5320
4500
4500
3131
5575
6153
7304
6043
2422
2839
2795
3352
3860
3088
2365
2594
4507
4507
3723
4035
7277
4561
6255
3516
5155
7030
3516
2330
7262
2454
6069
4412
5381
3741
3187
4017
3186
4017
3184
5048
7030
3186
2216
4311
2264
4613
2441
3391
5267
2430
3312
3685
3401
2611
2454
3319
4357
2556
3707
6532
810
5253
5464
4870
4008
4000
2580
4106
4001
3315
4218
3658
3875
7030
2292
3047
4420
5083
2472
4380
3301
6280
6009
2007
6430
2705
2830
2642
2365
6701
2360
3888
2848
2535
2550
2330
6398
3673
2481
2880
2880
2880
4757
2446
4285
3472
5007
2024
7140
2656
6112
5607
2420
4069
3338
6239
4816
2450
4615
2479
2083
5032
7320
3012
2656
7116
4053
4364
6306
2100
3896
4300
4570
2538
6725
6318
6318
6318
6318
3364
2463
4620
2880
2535
4820
2535
3418
2534
2537
4626
5062
3350
6431
6701
2570
5223
5374
2799
2540
4118
3685
2530
4356
3749
2617
6418
5433
2650
3268
2875
2795
5252
2476
3885
2540
2722
2722
2323
3057
2483
3056
3056
3055
3056
6224
3055
4387
2460
2365
3885
4312
4403
2540
3375
4311
4311
4750
2450
4670
2429
4207
2460
3885
3885
2323
5374
5118
2550
2850
2536
2630
2472
2250
4825
5270
6225
5120
4722
7190
3740
6401
5641
3301
3240
2449
3525
2622
2825
2849
2535
4575
2720
4556
2850
3862
4359
3870
3579
2262
2262
2577
2262
3737
3958
2357
5311
5251
1230
4680
4630
2632
2360
2423
3314
3890
2622
2429
2330
3586
3377
6714
2650
4854
4171
5157
6149
2594
2835
3428
6429
2784
2824
3266
2400
6373
3352
3461
3461
2710
2390
4615
2469
3105
3437
6532
6484
4357
2516
2422
2575
3700
6317
6084
3875
4671
3821
3821
6431
4025
6306
2387
2794
2626
3902
2870
5520
3634
4310
5266
6230
2324
4670
4670
4670
4670
4670
4670
4670
2454
3851
5491
5491
4217
3730
3730
4304
2578
6522
3898
2359
2230
2343
2823
2535
5320
3342
2473
2422
3083
2700
3465
2852
2480
4671
3260
3334
3401
2486
4870
5540
2630
5464
7256
3352
2767
2469
3726
3726
2621
4455
4455
3691
2580
2640
3527
4703
4494
2423
6353
3357
6620
4310
3352
2731
2337
6613
4655
4405
4055
2429
2630
3815
3815
3858
6467
6452
4102
4156
2671
4818
5253
2328
6227
6302
4659
3568
3475
4830
4220
4220
4822
4220
6401
6532
3371
4413
4310
4670
3558
7320
3121
3121
6028
7212
5520
3023
4560
5066
3023
6285
2440
2792
2739
4505
4505
4505
2722
2620
5417
2732
6421
2576
2795
2550
3559
3730
3730
6490
2650
2230
2594
2447
2577
2429
2386
2540
2539
2483
2582
2821
3709
4659
4659
4659
3352
2642
2850
5291
6714
6100
4742
5110
4680
3151
2136
3151
2134
1805
3125
2168
2469
2259
3281
4818
4702
7140
3860
6280
4885
3885
5560
5605
6036
2283
2323
2321
2571
4660
3711
2446
2628
3300
3301
2484
3678
4387
4605
4680
4703
6122
3762
2849
4455
2800
3617
4625
2831
2481
2484
2621
2488
2137
3505
4352
3889
2430
3364
6726
4510
4510
4510
4312
2166
2166
2629
2747
5321
5321
3442
2545
5271
2800
6466
2850
4343
2424
6443
4285
4722
2446
3023
7116
4870
4870
4870
4870
2340
2460
4116
4670
5671
4816
3037
7325
3984
4478
2527
2710
4798
2250
4570
4570
2729
3556
2710
6569
4390
5310
6167
3573
6302
2308
2422
2540
2540
4390
3387
6260
4680
4715
3844
3844
3844
5254
2462
4680
5501
2795
5254
4551
4551
4551
3971
5490
5490
5490
3875
4340
2905
6728
2632
3779
3126
3124
2330
3124
3124
3124
2540
2540
2849
4719
4358
2420
5353
3352
2747
6743
2747
2469
7170
4552
7320
2443
2570
2570
5038
2570
2142
7316
2285
2359
6111
2469
4300
2062
4730
4828
4385
4871
4152
4520
7026
4820
2612
4625
3061
3387
3451
3556
4521
2560
2560
5074
3364
1450
3260
5640
2194
2318
4737
2281
2046
2850
3350
4413
4702
3537
2835
2600
2610
6315
2550
6710
2460
4630
2480
3630
4570
2166
2166
3890
6627
5268
3540
4630
4357
6111
6155
6155
6155
6155
6107
4370
4310
4170
4800
3977
4802
3393
2800
2157
2825
4702
5420
5419
2804
2193
3126
2263
5280
4275
2577
4157
4157
2429
6452
5223
3305
6532
3351
4810
3888
4800
5291
4800
4740
5275
5204
6450
4025
3233
3995
3939
4873
3925
2469
6271
6271
4723
3579
2846
2600
2371
6642
4677
2623
4357
6041
6033
2650
3623
2810
5641
3371
3274
6566
3477
3477
3312
4878
5680
3678
4130
6280
2850
2791
5301
2285
2285
2285
6225
3352
3352
3978
3496
4854
6122
4849
5270
2283