5144
6230
3334
2800
4152
4152
3512
2831
4152
6020
3825
1495
2229
3464
2630
2118
2118
2118
6101
3239
6101
6101
6275
3442
3054
2218
7173
3053
7173
3053
3685
6076
4739
4852
6517
6701
3163
2171
4310
3351
2460
4300
5291
3023
2486
2343
4344
3260
5291
6423
2311
2440
3844
3844
3844
2163
6031
3361
4825
4211
6532
2711
2580
7291
5204
5432
2577
2294
4883
2340
2372
6317
3480
2330
2460
2460
2460
4816
3201
3197
4034
2221
4806
4563
6316
2168
2650
3494
2849
2620
2453
6450
2913
7151
4500
3305
2470
2329
3898
5223
4873
5076
4567
3777
3311
2069
4715
3691
3585
2350
1765
4810
2333
2068
3450
2749
6450
7315
2487
810
6167
2170
2170
6507
2536
3981
2560
2632
3377
2557
2281
3714
2823
2756
6255
2339
4407
3537
3145
3161
3161
3162
3162
5238
4703
2582
5094
3660
5422
3314
6055
2281
7304
5291
4702
2570
4352
2474
2171
2178
4407
2259
2325
4207
4285
2429
4570
2474
4285
4514
5690
2424
4352
4350
2021
6330
2756
2775
2250
3145
2546
2529
4212
5062
4627
3221
6511
2325
2325
7306
3148
3148
6450
2460
5341
4610
5231
2259
2630
4133
2460
6111
4413
5680
4155
6490
3890
5159
6394
6260
3352
4069
5153
2611
5253
6280
3239
3318
2848
3217
3695
5244
2290
4608
4470
6239
2622
2428
5607
2795
4350
3525
4309
2263
2615
5690
4820
7321
2430
2787
2580
2057
2067
2469
4570
3379
4475
2083
4068
4606
4740
3196
3196
3192
2119
4627
5014
3192
3351
4605
4032
4032
4032
4032
3434
4306
5157
4370
2360
6395
2126
3401
5134
4660
3678
3678
3725
2162
3312
4555
4217
4880
3451
3451
6328
2420
6751
6556
2606
2036
7011
2339
2480
4660
3824
4871
2484
3585
5660
3683
3683
5573
3544
5680
4413
2487
4285
3546
2550
3756
2008
2170
4215
3116
3525
2905
2322
2046
2261
2261
6084
3260
4730
2484
6244
5164
5165
5165
4285
3775
6798
7304
2190
3777
2105
4311
3925
4305
3842
6018
3373
4306
870
4600
6015
6000
4002
2608
6564
4211
4741
2848
5062
4468
2711
4807
5453
4807
2747
6010
7011
6010
5039
2790
5034
2321
2756
4311
5157
3352
2460
3352
2107
3169
4705
3430
3352
6030
7306
4471
5280
4011
2559
5238
5256
3169
3168
2795
4226
3409
4500
2620
2469
5085
6472
6714
5152
3782
5523
2206
2800
4721
5640
4163
2530
4163
7211
2460
4350
4427
2321
4879
3875
2800
3068
2515
4361
3222
6211
5570
4680
5570
4370
6850
3658
4824
4019
4019
2093
4019
4520
2484
2453
2480
2031
5042
2031
3315
6105
3822
4605
7303
3889
4811
4309
2480
3370
2440
3978
2142
3978
3851
2330
3461
4312
2283
4352
2508
2460
4305
4621
3825
2108
3851
2486
2486
2835
2790
2550
2422
3442
2347
3862
3900
2570
4605
3266
5346
6317
4703
3644
3643
2732
3266
3898
3058
3058
6532
3546
5654
3475
5631
6731
4419
5351
3781
6164
5440
6443
2539
4875
4860
3030
6308
2471
3285
4892
4560
2480
5607
2450
2450
2450
2849
3364
2083
3568
2537
3340
3542
3707
3250
3250
3250
3559
3342
6302
2462
3770
2707
5266
2761
7027
2515
3315
7215
4570
5272
4808
4307
3494
2700
2626
4306
6315
2833
2097
2097
2097
4707
2581
6230
5069
4343
2646
2839
5671
6225
2827
6225
2650
6330
3066
2850
4301
6330
3066
2474
8003
8007
6260
5555
7012
4804
5418
5081
2440
2460
2343
2756
2756
2575
5041
2262
4677
5670
4820
4415
2760
2440
5277
2666
2829
2540
3889
2330
2429
2832
2540
4702
5700
2484
4514
6311
2226
4571
6152
2820
4858
5291
4722
7211
2710
3384
2137
2138
5118
3286
3303
4357
4352
4416
2200
2906
6450
2877
4815
2484
5464
2422
2447
2447
2325
2537
3633
2829
7054
2500
2539
2539
5272
873
2221
3227
3318
6027
4552
2145
4702
6311
4800
4800
5723
5583
4184
4519
4310
6210
4703
7320
4313
2034
6166
3315
2614
5701
2870
2650
5261
6220
2850
2300
2870
4895
2831
4574
4610
2727
6638
4479
2550
2843
839
2701
4311
2535
4225
2550
3048
2402
6163
6050
6532
2611
2729
2478
6429
5670
6507
4387
2423
4580
4580
4560
6168
2630
5341
4573
2632
2622
6214
2630
2630
3616
6450
5261
2428
2428
4216
2460
5267
2470
6512
3629
2611
2717
4209
4630
4630
4311
2343
4702
3461
5431
4422
5607
2357
6503
5265
2829
4626
5540
4670
820
5263
6566
4570
2726
2469
4490
3860
3477
3477
2441
2426
5731
3825
2550
4108
2479
2424
2479
5690
4420
4569
2265
3268
4565
5264
4860
4702
6515
4563
4563
4151
4151
4860
2590
4565
5650
2628
4702
4873
6714
2850
4402
5600
2251
3480
2852
2422
2360
5308
5732
6562
2460
2644
4741
2795
7174
4860
3814
3480
3480
3249
2471
3691
6701
4670
2443
2450
2622
2440
2705
4660
2526
2526
4850
2611
2710
2646
4570
4733
4075
3352
2456
2871
3984
4621
7321
6426
3214
2315
2480
4610
3311
3551
2790
3683
4130
4455
7215
2756
5575
2700
5157
5051
3984
3559
3254
2646
2325
6375
2518
2518
3888
2711
2633
3707
5641
2546
3249
4818
3631
3631
6440
850
6720
3523
3101
4350
3465
2084
6011
3099
4558
4375
4375
5577
2474
4310
5607
2630
2653
2390
2720
2571
6288
7330
2460
4613
4873
2795
3862
2652
6336
6503
4025
2081
5033
3506
6284
6485
5602
3922
5238
4871
4871
4871
3268
2460
2794
7321
3857
2849
2849
6317
2483
7109
2911
2627
4719
7109
5432
5152
5152
5051
2632
3465
6025
3064
4877
5114
4655
6420
7030
3977
3977
3977
3977
3977
4814
7190
6321
2749
2259
4350
2422
2422
4610
2423
6009
2338
4757
3669
2474
2631
3666
2090
2090
2090
4740
7024
3121
2440
5341
4313
7302
3322
4132
2620
3363
3363
3919
2502
4310
4519
2430
4809
2099
5235
3193
2230
2400
2539
3858
6236
2583
3862
2583
2527
2411
2850
5558
3373
4312
2446
3283
6390
3821
2280
2427
6262
3377
4342
4605
1585
4355
2460
2803
3301
3136
3136
2132
2133
5008
4871
5008
3136
3136
2795
3393
4285
2832
4800
5523
2484
4871
6311
2835
6383
7260
2864
3265
2850
2700
2487
2484
3705
5232
2540
6640
2540
5261
2660
3530
6566
3315
6067
6503
2790
3568
2850
2372
2581
4860
2645
3496
2469
5700
2478
2852
5041
2756
2850
2832
5631
2867
3251
3251
6434
6407
6275
2424
2430
2866
5660
4816
6401
2539
5554
4490
2587
4370
5571
2734
5641
7316
2827
3268
3268
2096
2672
2381
3222
2648
2820
4570
2342
2795
4871
4812
6028
2533
4552
5580
2567
2540
2580
2650
2580
2108
5214
2422
7256
4551
2536
4223
4223
2605
3483
4608
5269
4352
6330
2388
4490
2546
5222
5223
7112
4627
4357
4514
5223
6410
2849
2032
3385
6638
6008
4570
4873
2474
7304
2630
4127
3465
4825
4503
4715
4807
4405
4380
6304
3341
2257
4630
2628
6302
6009
5461
4621
3047
4702
2546
3981
2460
4850
4757
2328
2581
3568
4374
6609
4415