2335
822
852
6230
3477
4671
3992
6450
4671
6713
6725
6713
4872
2823
6479
6507
3175
3175
3164
3175
4370
3737
2357
2083
2309
2350
2630
6383
4610
2530
4860
2428
2722
2793
6065
6392
6236
6236
2717
4455
2786
3862
2795
6392
5642
2508
2454
3340
3871
6122
4350
2027
3145
1300
2008
2706
4285
5047
3271
6070
2729
3822
2870
4076
6275
3756
3851
2336
3304
6532
3701
6320
4695
2340
800
6317
4875
5700
6230
4855
5355
2085
2336
7151
2251
5113
5113
5041
2000
5252
6211
5422
3858
4521
3460
4497
2646
6055
6722
5223
4017
2600
2600
2761
3363
6258
3235
2443
2446
4508
3888
7212
3691
7140
2099
4306
7112
2440
4625
5204
3385
6532
3103
6290
2371
4674
5266
3022
3023
3023
2453
4818
4871
4621
3356
3037
5204
4671
4514
3723
3871
2633
3888
822
7304
2403
6324
3186
2565
6537
2536
5690
3377
2710
3858
2112
2114
2114
2328
6333
7150
3280
3461
2536
4700
3875
7264
3516
6728
3352
3312
5075
4626
3030
3523
3325
2877
4352
7009
4871
7321
2537
2537
4362
3726
4753
6630
2550
3714
7275
5330
7300
3977
3971
4401
5008
7310
6567
3808
2422
2770
2733
3610
4735
2430
3089
2443
6258
4553
4380
6059
2602
4551
4621
4559
2370
3309
2462
3427
3561
4680
2546
2460
2734
7252
3414
4872
6532
5172
3571
3172
4800
2429
4702
6258
3579
4303
3898
6244
2404
5110
6537
2666
4625
4486
2456
5291
3549
3549
3549
3549
5417
4800
4873
4702
4892
3265
3775
6258
4852
4352
6725
3377
2470
3678
3678
3008
4352
3895
2790
7173
2795
2229
3871
2219
2429
4740
2539
2530
4357
7310
3139
2350
3480
3109
3109
3108
2440
6525
6315
6258
2447
4510
3064
6239
5291
3111
3478
6383
6411
3401
3647
3646
4077
4660
4830
2484
4562
2473
4620
2767
2259
2264
3754
3312
6701
2453
2453
2480
5157
1360
3893
6018
2470
4671
2569
5601
5601
4354
3409
5048
2030
7117
3177
6461
5571
2602
7320
4570
2650
4754
2262
2262
2330
2446
2469
2469
4520
4350
4350
3249
3249
4116
3840
3304
2386
4424
4424
4671
2820
830
3936
6330
4718
7030
3660
3818
3818
3818
3818
3636
3304
3215
3570
6532
3446
3461
4724
1470
3401
2337
5094
3461
2630
6311
6740
3222
4712
2830
2830
2830
2830
5501
3409
4825
2469
5607
2321
4650
4405
2787
6519
6363
5222
2290
5008
6210
5222
2611
2084
4310
4671
6475
4425
6383
7025
2484
4560
4702
2203
5065
6425
2484
2430
2350
2372
3956
3956
6566
6312
4740
6350
2460
4715
3527
4702
3371
7177
2484
2443
5223
2340
6023
4625
2117
4306
2117
6443
4650
840
2370
3271
4655
4655
4740
2453
3175
2844
2480
2484
2849
2420
2340
2795
4465
3294
2615
3472
4650
2529
4407
6355
3377
4740
3352
2330
3472
2480
7304
4728
3312
2321
6281
2849
4183
830
4077
6743
2158
2795
2487
6393
6532
3342
4454
3352
3576
2344
2486
4610
2622
2536
2259
3851
3851
5356
4102
5356
3305
2350
3323
6308
6213
2429
4626
7005
2470
2330
4745
7030
6281
4009
4271
3878
2558
4207
4742
3556
3556
3084
2324
3669
4870
2206
2640
6290
3875
6606
2478
4883
3550
6304
6535
2576
2335
4169
6230
7321
6107
6701
6532
4353
2471
2518
6608
4570
4695
6158
3219
2250
4359
2311
4343
2213
4860
4305
2627
2576
2440
2071
2758
2070
2480
2536
6705
4740
2323
3002
5558
6450
6640
6532
4615
6275
6355
4860
6004
6308
820
6309
7321
6168
4861
2113
3852
2324
870
2340
4350
4871
6370
6532
6260
2766
4305
2004
3231
2036
2018
3463
2122
5063
3875
820
4860
6232
4037
2460
5680
5320
4304
3691
2756
4340
5355
2453
2311
3564
3564
3564
3564
5153
3265
2333
3472
7264
2474
6054
5050
2551
3757
5235
3318
4207
2176
2474
4870
2027
3444
2390
6027
2285
3678
3678
5630
5113
5111
5111
7330
2787
5583
3196
2174
4869
2551
4892
5039
2824
4562
3461
6515
7256
2795
6034
4344
4627
4627
4627
4807
5291
4113
2460
6725
3713
4740
4871
4855
6490
6479
3334
4552
2429
2101
4221
4370
2404
2335
7030
3746
4670
7054
2282
2287
3461
4721
4615
6237
4655
4516
3266
3266
2011
2428
5113
5112
5112
2171
3921
5113
5113
5112
5112
5112
5113
2325
2460
2470
4361
3875
6330
4078
2446
6069
7140
6532
2648
3265
2337
4610
3250
3821
4886
4362
4670
862
4670
7325
4879
2570
5670
3469
3558
2831
4361
3448
2325
2360
3185
3095
2480
3095
2105
5260
3184
6062
2456
2380
4720
3782
2770
7255
2371
2257
2478
5223
4355
3551
5381
5453
6431
2750
7320
4710
2750
6330
2800
4371
3475
850
5211
3802
2622
6518
2136
5085
5085
2133
3352
2233
4306
2351
3407
2560
2042
2840
6484
3723
4051
4520
3895
3895
2620
3551
7211
1710
3076
4741
3551
6532
6532
4740
2264
3352
2877
3825
2669
2663
2250
2260
2250
5066
5461
1700
872
4730
4480
2540
7310
3889
2791
2759
5422
6210
2043
4875
2850
2558
2472
4312
4312
3701
3730
6450
3041
3041
3040
3040
2787
6714
2650
5015
6213
4702
4741
2257
2640
2540
2474
5253
4858
2877
2877
4860
2650
2866
6443
2628
4554
5374
7310
2806
4380
2390
4674
4491
4455
3177
4562
2822
2650
2441
2441
4757
4741
2484
4757
3251
4854
6532
2480
4660
3350
5431
2867
4677
3666
3739
2545
2440
2700
5454
4581
2663
2850
2737
4455
5069
7212
2473
4874
2795
3371
4356
5116
5116
5116
5116
2617
2015
4888
5461
5035
4352
3377
4053
4053
3678
3678
2484
2469
2481
6317
2579
5019
7275
3338
6707
6707
5950
7303
3338
2904
2430
4350
3951
6208
4606
2165
4103
2165
1860
4103
3078
2165
3231
2871
3579
2094
4306
5126
4700
3561
2470
2519
4670
2330
6210
2365
2540
3699
7215
5601
820
2535
3451
2656
5733
4741
2320
5607
2526
4703
2820
4660
2484
830
5416
2607
2622
2283
4309
4309
2776
2422
3714
2474
3060
2480
4568
5070
4358
4358
4854
2283
7140
3518
3237
6236
2295
2330
3458
7054
2775
2444
3864
2453
3821
6148
4650
2519
3518
2479
2454
3778
2480
3156
2484
4306
3786
4275
4055
4055
4055
2318
5010
6431
4606
2159
5265
3518
2875
4352
4069
2525
6432
4756
2474
5023
2460
2315
2487
7214
3939
872
4873
2713
4350