5255
6722
2429
5070
5502
3959
3585
2611
4825
5354
5522
2316
2539
4570
2441
2421
4871
2283
3342
5601
4860
7140
6337
2799
2795
4018
6765
2577
3068
5082
3065
2046
5238
2873
3875
5159
3465
4344
4802
3851
2420
5153
5235
4560
3031
4714
2287
4375
5223
8009
2529
5025
5042
3929
4305
6302
4422
7030
3550
2280
6014
7140
2615
7325
3717
7163
4860
4275
2615
875
3844
6302
3844
3011
2621
2871
2446
3764
2422
2890
7173
2914
2840
5373
4343
2330
4678
4873
2157
4556
2795
6286
2651
4342
3131
6324
4078
2372
2037
5139
2798
4357
7330
4118
7260
4465
2087
5035
3875
4404
2603
4850
6271
3236
6434
6359
6112
2260
6058
5233
4871
2428
5238
7182
6716
7310
7310
2460
4006
4006
3960
3960
2795
2420
3557
5577
4740
3805
5607
2258
2716
2323
5690
2880
5272
4800
2534
3323
5238
3265
3265
5262
4721
7275
6396
2913
7113
3461
5421
3199
3199
3200
3199
3199
5374
2615
4581
6443
5238
2259
2446
4309
4806
2440
3741
2464
5372
2259
2756
2795
4370
6160
3921
2655
4310
6330
3384
1640
4701
3217
2096
4737
4870
5063
7215
4855
2850
2586
2550
3451
2630
5024
4313
5024
3851
5063
2318
2583
3825
3825
5280
6209
2370
3381
3218
2609
6574
6041
6476
2720
4671
3723
7030
4300
3822
4702
6337
4850
2716
2850
5308
4726
822
2585
2650
2159
4892
2790
2422
2702
3568
6714
3737
2405
4814
4814
3207
6168
2289
3185
7112
2871
3814
4728
3814
4741
3352
2797
2330
4702
4852
2340
2866
4860
2605
2345
3265
6705
6705
2290
3691
4345
4343
3407
4211
5118
5118
5118
5118
5118
7315
5118
4625
4051
3289
2446
4034
6728
2642
3215
3220
3218
7116
4352
7015
3885
3237
3239
3971
6230
2650
2795
3783
4721
5255
2474
3891
3833
6280
4003
7253
2365
3700
2198
2795
2298
4871
5472
2480
4825
6532
5094
3546
6531
6530
3418
3249
5381
5301
5343
5291
5280
3387
4871
3741
5495
2642
3289
2534
2534
2818
4574
3240
3331
3717
4420
2474
2430
2380
6426
2328
6743
2469
2370
6448
6083
2666
2340
3851
3851
5253
4620
3480
4208
5081
3072
3797
2560
5411
2360
2827
6302
2829
2835
4306
4570
870
2700
5453
5086
2462
2321
3616
6308
6510
5013
3858
2795
2905
2720
6701
4211
2823
4671
4702
4676
2404
6725
2849
6503
6503
2787
4625
3841
3891
2617
2480
3616
3624
2831
2422
2669
2449
2145
6064
4809
2425
3437
3437
4670
1675
4370
3575
4680
4680
4680
4680
2440
3043
4680
5473
7264
3797
4306
4615
5037
2795
4570
5015
4518
4570
7109
2037
7000
6330
2557
2849
2631
4885
2560
3979
4381
4871
4342
3691
2846
4570
4680
2370
4312
2630
3990
6071
3163
7109
2370
3146
6230
4800
2321
6239
2365
4377
2320
5064
3352
4880
4872
3898
3150
2422
2321
3898
3238
3864
3517
5052
4385
3764
4424
4355
4620
2337
3352
2773
3717
5291
2365
4352
5291
6316
5291
2285
4711
6016
5719
3363
4743
2761
7109
2330
2330
3364
4285
5045
5045
5045
2810
5045
5045
4740
2642
3858
4515
7140
3122
2167
2650
6532
3266
4370
2486
3854
7275
3854
3854
3370
5044
4420
2156
3522
3444
2454
3314
4711
3418
4630
3469
3469
3527
3527
3451
7012
6256
4380
3461
3858
4719
2570
2745
3340
4423
2330
2261
7140
6258
4650
7010
3385
4342
2157
3265
3265
3469
2564
2576
4626
2450
2330
2337
4605
3675
3675
2640
4702
5277
3046
5065
3293
2430
6509
2460
5064
4350
4553
2768
4570
2250
5110
3851
2756
5344
2422
2422
5070
5070
6077
6285
3221
6714
3260
6335
6328
2477
2727
3559
2650
3719
2720
2586
4511
4702
2705
2738
7254
9726
6174
4551
3851
4621
5125
5125
3555
5322
3350
3555
3435
4865
3472
2820
2580
5352
3352
2839
3579
2732
2720
4670
2790
5330
2582
4671
4390
6330
4610
6468
2575
4300
2736
2838
2469
4660
5034
7010
4306
2620
4856
2652
2379
2852
4306
2480
2805
5214
5214
5214
5214
3673
6460
4702
6415
2646
4570
4354
4362
4601
4601
3875
4860
4860
4860
4390
2480
2482
3888
2830
2340
2870
3666
3685
3725
2330
4800
4800
2396
3557
3477
4625
6076
4650
4702
4702
3305
3305
4421
2906
2072
4031
7150
3345
4610
4865
4352
2469
6375
3873
2795
7466
2263
3412
6556
3585
2250
2320
7216
6110
5223
2358
3723
2580
2580
3608
5114
2330
2795
3043
3544
2357
3669
3477
3463
2904
4352
4352
4350
2330
7306
5461
2583
5502
4702
6284
4075
4075
2474
2460
2403
4650
2729
3631
2360
3314
4855
3870
4820
4340
4051
5022
3525
3875
4347
7030
2445
3984
2142
4650
6503
3701
4352
2570
3409
6446
6403
4405
3302
3281
4740
2441
7256
2850
2401
2832
830
7215
3477
4357
2232
3608
3477
3477
3477
7150
4700
2108
2460
3374
3537
2551
2338
5107
2471
2850
3462
6514
4865
2323
5153
4871
5607
2474
2251
6328
2168
6330
2190
5086
4124
5253
6254
2550
3341
2809
2176
6210
2250
2440
5140
3444
2230
6302
4701
2330
4380
2620
4359
6056
5360
6532
2471
7270
4570
3387
3088
4120
4387
4816
3059
4606
3304
2900
5272
2540
2065
2580
5125
4401
6024
6405
2642
2650
4313
2557
4660
6535
2549
2810
3352
2311
2325
2334
3675
3675
3675
7140
2474
3234
6521
4715
4370
6701
2145
3104
4503
2603
2680
2680
2680
4222
6253
7277
3315
3315
2666
4892
2652
4352
2753
2753
4419
2627
1220
4627
7109
3216
3216
2849
3770
4210
2536
6041
2161
7321
3451
6055
2161
2828
2347
5096
2852
4812
2463
5471
4418
5417
2360
2441
2840
2865
4154
5233
4815
4805
2652
2447
4570
2711
3566
2722
2347
6315
2620
2580
2840
2775
4650
3691
2337
2912
2333
2829
4620
832
4872
2380
4455
2871
2581
2876
2632
7315
4825
2852
4892
3960
4800
6513
4626
2398
2787
5343
2460
2581
4415
6623
4805