2798
2365
3709
3807
2356
4420
6302
2259
6018
6018
6237
2500
3401
2227
2227
4570
4570
872
4740
2045
2602
6076
5163
5163
5454
5069
2441
3351
4353
3046
7290
7292
5245
4306
4742
5223
5461
2262
2460
4740
5309
4850
5000
2618
3803
5381
5158
5419
2430
3818
2259
2346
6770
3381
6210
3953
2340
2311
4610
5642
2330
6215
6288
6532
6716
6022
4007
4714
2303
6163
4803
2292
2303
4800
4007
5373
2303
7140
2641
3300
5401
5558
3215
2259
6164
5431
2170
2440
4741
5374
7321
5086
3188
3188
2790
3976
4352
3188
2340
2420
4406
2443
6433
6430
5374
5417
3675
2680
4825
5159
3360
3453
3453
2587
5575
5422
2257
2650
7307
2850
3806
4350
4306
2600
3995
2622
2390
4552
2321
4630
4625
3741
2427
2567
2150
6225
6112
6361
2914
4350
4307
5244
3317
3616
5464
2790
5255
2790
3124
2710
2446
6220
2465
5680
2761
2790
2489
7109
3915
6308
2440
2715
5280
3501
6356
4341
3465
3401
7320
2850
3737
2614
5434
2777
3287
3862
4850
2324
3142
4626
7307
5607
3123
3122
5062
3122
3122
5051
4171
5204
2711
4740
2711
5252
6333
5211
2850
7140
1240
6112
2469
2481
2530
3966
2779
4515
3658
2787
6055
6333
3840
5066
3840
3840
4741
4361
3777
4825
3981
3758
2233
3523
3523
2324
3202
5153
3305
3135
5068
6027
4110
4110
3134
4814
2330
4486
2770
2168
5073
2321
3967
3081
3084
3081
2460
6056
2508
4212
4344
4344
7321
4174
6166
4362
5014
4011
5022
5022
6055
2111
7325
3301
2658
3312
6236
3461
3461
4887
6017
2622
4118
2831
4812
2790
7030
2453
3218
6056
3825
4680
2443
7264
6211
4006
4655
4655
4817
3442
3321
6255
6255
5118
2322
3273
7316
3858
3268
3304
3847
3971
6532
2440
4703
4800
2615
6443
3764
2575
6057
4892
5089
6313
7321
7183
2775
3190
2289
4352
4101
5063
6003
4352
4211
4401
5255
3660
3032
3216
4520
4560
6112
3315
2850
3825
5453
6521
2575
6025
5112
4118
5086
7320
3351
2420
3660
2350
5116
6168
2290
2036
3037
6312
2675
5455
4285
2430
2340
7252
5033
5033
6163
2168
5603
5214
5007
5202
5211
6462
6413
3898
2321
4359
6280
4612
3920
7000
2753
2795
6065
3139
6566
4610
4455
4352
6220
2469
2644
5088
2611
5330
5330
5238
2250
4121
4121
4121
3862
6426
2446
7140
4878
2328
4216
3148
2286
4207
6522
2142
4892
2173
2615
6355
2631
7275
6213
4806
2850
2140
4740
2140
3465
2140
2474
3304
4816
3717
2825
7017
5576
4415
5172
5555
4212
4895
5090
6165
2646
4413
6125
3162
3340
3396
6348
2484
3029
3238
3567
4875
4420
2171
2077
1630
1635
5491
6535
4671
4714
2474
4819
2320
2474
4809
2256
3400
2530
2175
5141
4660
5461
2621
2065
4029
3050
3741
3051
3303
5131
6530
5048
6071
2794
4659
2480
6532
7054
2360
3723
2330
2330
6450
3858
2643
3723
3723
3723
7018
7316
2171
4310
5453
5523
4860
4821
2605
3166
4854
6460
5114
2620
4490
3757
4625
836
2652
4555
2840
4493
2310
3558
2110
3971
2330
5163
3166
6110
2446
7055
2148
2530
2111
2111
3551
3551
3691
3695
2482
7109
2193
3099
1481
2220
2220
2540
5000
4454
2540
4812
4812
5061
6359
2448
5262
2446
3833
7109
4811
4625
3875
6522
2463
4738
2850
4727
4554
3351
2590
2540
3381
2234
4275
3282
873
2466
6028
4560
4570
4077
4077
4077
6721
3223
2642
3688
4068
4068
872
2627
6701
4850
5098
1890
6213
2101
4422
4387
5133
3517
6052
3342
4343
4876
4454
4806
5550
3472
6302
5680
5211
6018
5731
6751
4670
2429
5577
4860
4860
4285
4872
4581
7030
2360
2422
3636
2350
4610
3321
3996
3350
7248
3352
4703
3815
4305
3494
4344
7330
3451
6401
874
5601
2473
5601
2474
5153
2347
4306
3550
4356
2630
4610
5222
3249
3249
3249
4887
4404
2470
6525
2835
3498
2607
2795
4660
4660
4731
4719
5222
4650
4183
4892
4217
2296
6452
6535
3079
3079
2878
3079
4680
4313
886
5301
3047
3971
2914
2460
3556
6335
2390
4426
4426
4426
2469
2463
3825
4208
6337
4855
4885
2642
2642
6275
6315
3984
2533
4702
4074
4811
2463
5571
5491
5640
3723
2750
3228
3266
3266
6077
6164
4410
6056
2226
4856
6258
4702
3517
4854
6124
3888
6275
3700
4807
2535
2787
3840
3840
3945
3480
3480
2582
6306
2550
4702
2871
2622
6401
6401
4383
2790
4818
2350
3423
2630
6346
2536
2795
4728
5554
7030
3825
2716
4809
2622
2619
6337
2533
2582
2540
2580
2330
2431
3527
5554
2540
5259
2299
7260
2280
2397
6612
2480
3483
6365
2259
3409
4280
4406
2628
4515
2631
2627
4074
6036
2622
2642
3818
6280
6395
2642
2622
810
6365
2575
5271
4490
3384
3384
2469
3238
5431
2443
4714
3902
832
4615
6014
2445
4520
4403
2720
2722
4355
4570
2430
6027
6027
6060
2747
4285
4702
5070
3364
4500
4860
4802
7109
2795
2726
4816
5238
4871
4823
5374
6567
3869
3951
6751
4370
2460
5251
4343
3977
4736
2663
2666
3401
3575
3551
5153
6516
3635
4888
4702
6519
5554
3318
4285
2290
4406
2850
5552
4207
4872
6076
5690
2454
5278
6468
4702
2550
4309
6536
6536
5118
5655
2617
6330
6433
6433
6430
6280
3909
3909
4030
872
3064
3401
4670
2627
4503
6025
3791
5550
6280
3766
3529
4630
872
872
6740
2665
3571
3570
2902
6442
6442
2550
4870
4865
7260
3401
2530
2787
3691
4570
4570
2848
2576
5157
2460
5118
3555
3097
6255
5222
5280
2224
4169
2577
2800
2582
2258
4570
2790
4870
3419
5252
5330
2550
6431
872
3719
2259
3387
5434
3564
7150
4630
5632
2661
5670
5373
2390
2429
2620
3294
6044
4306
812
4306
2450
7140
4352
5223
6152
4117
5654
3950
3951
6163
2232
3260
6751
3199
2250
5632
6358
6430
6479
6530
3401
6176
7267
5307
4306
4184
6111
6010
6122
6429
3631
6460
6714
6288
6018
6472
2337
5304
2324
4891
3483
3649
3649
3634
3634
6317
5343
850
850
2780
2780
6566
3640
6302
4701
3249
4612
4655
7270
2333
3021
6280
4350
2558
2325
6335
4031
3568
2340
2404
2480
5275
3038
3033
3038
3036
3042
3036
2320
2500
2478
5267
2849
3393
6410
7176
5607
5641
2350
2155
2155
6111
6111
4800
2795
4815
7270
4059
4059
2380
3666
4401
2526
2526
4742
2178
2440
7030
2439
6323
2396
4574
3597
3395
6316
4069
4069
4069
4069
2449
4816
6701
3239
3234
3550
5068
4341
1465
5068
4670
5068
3031
6151
5071
5067
6333
2156
2560
5233
4309
4310
2354
2354
4341
6107
5259
4054
4670
4702
5271
6182
3579
3579
2439
3691
3691
2711
3979
2328
3434
2835
3129
3660
2800
4285
5231
5035
7155
3723
3102
2439
3101
4879
6105
3390
2469
5353
3173
6126
4612
2642
2429
4306
5261
2422
4570
2877
2551
3631
3631
3631
2533
2533
2533
4560
5607
2546
4718
2259
6054
3418
2830
4574
5025
5642
4559
2484
3691
2594
2669
2283
4354
5084
5084
4515
4721
3995
873
2472
2474
5009
4600
2429
4877
2071
3312
2087
4373
2261
3283
2429
3678
2257
2257
7255
2449
2720
2278
3717
2795
7150
3851
3764
3764
3137
3137
5641
4873
7304
3551
6728
2429
4571
4680
4601
4741
2440
4356
2251
2251
2446
2622
4390
7310
2446
6728
6330
4521
3678
4515
4610
2259
2540
3757
3763
3757
5719
3517
4551
4361
1340
2487
2147
2148
5034
3021
6005
2360
2539
3083
2487
5223
2580
2118
2032
6701
2370
1480
4208
2370
6026
4400
2604
5331
5049
4114
5275
7050
3364
6256
2358
2587
3012
6065
2208
2340
5062
4703
4670
4613
2913
3483
6028
872
3520
2539
4498
2537
4021
2441
2615
2429
2469
6372
2795
2570
4806
3283
4680
4872
2232
2232
2061
6251
4817
3608
2325
3666
4605
2430
4352
5087
2346
4285
3286
2577
2479
3723
2424
2424
3523
3152
3180
4881
3260
4520
3704
4406
2217
1485
5223
6328
6532
6395
6304
4702
4671
3265
6367
6605
5270
5353
5291
3951
6603
3315
3981
3981
2680
6510
2370
6431
6733
6623
2256
5661
2460
3597
5464
6427
5575
6461
4872
2530
3669
6064
3580
4701
6056
5650
5690
3644
5417
2480
5373
3954
7187
2482
2304
2430
4285
4402
2807
6475
3477
5279
2650
4025
3501
3844
3364
3860
3953
5558
4357
2352
3144
5271
5607
2735
6415
6333
2476
3714
3341
3282
3520
3579
2450
6485
3950
3950
5502
3461
2627
2305
2289
2289
3565
3638
4738
4892
2620
4415
3622
2429
2622
2460
5304
5352
5278
6330
3945
6290
5115
6353
5172
5201
6352
4560
4309
6244
6365
6365
6470
4660
2250
5552
4352
4558
2835
3490
6642
4610
2730
3585
4556
2441
2429
2430
2460
2484
2484
4615
6375
6489
6743
4702
3930
4112
4881
4560
4885
2757
6431
2231
2089
3518
3518
2758
2758
2758
5037
6375
2327
4871
4352
3517
4388
3337
4503
4741
6306
6490
6167
6167
6966
6385
3620
3619
2715
5651
2460
2631
4570
5453
5262
2650
5172
2216
2221