3691
6490
5670
6701
4213
3701
3700
3701
3701
3700
3659
2852
4228
4228
4340
2669
2579
2540
2453
2798
2430
3634
2640
2481
2463
4496
6030
6532
2026
4570
2441
2381
2850
6320
3893
4478
3885
3890
4272
4270
3858
2340
3675
3669
3669
6409
6472
4285
4285
2340
4128
6770
4556
4481
4703
3260
3571
6415
4650
4570
4025
3691
2488
4821
2319
2550
3833
3825
3825
2357
2795
4680
4372
4601
2629
5280
3764
2550
2731
5352
3478
3249
5017
2540
5311
6065
2665
4421
2653
3447
2580
4680
2580
4311
2787
4703
7180
5275
4494
2372
2428
3666
6530
5701
5431
2652
6628
2430
2430
2229
7259
3451
6353
4068
5411
7310
2580
3551
3029
5413
3670
4309
4306
4615
4420
4703
3265
7053
5277
3971
2550
4121
7140
4702
3414
3971
2518
3775
3678
3315
3463
3315
2390
3301
2322
3283
3956
3956
4885
2250
5171
2471
2550
3673
2650
3616
3616
3378
4674
5235
3698
3697
7259
3713
2447
2316
4850
2586
3037
3038
5330
4740
2324
5091
7017
5238
3579
3160
4650
3527
3527
4620
4306
4423
3328
6213
3401
2320
2441
6762
3730
4680
7264
4630
3420
2117
5540
2440
7330
2666
2044
5371
3107
3106
4310
3489
2250
2323
2824
3984
4005
6632
860
2754
2111
4105
5022
3572
2365
6322
2372
5254
2284
3264
2480
2540
2829
5072
3719
2539
5421
2818
2474
2484
2830
2486
3525
2422
2084
4387
3573
3575
2260
2400
3260
3821
2478
4309
4565
2449
7321
4385
4385
4670
4306
2350
3527
4497
3825
4370
4370
4716
2680
4492
2620
2620
2365
3154
2429
4340
2425
2630
4702
2480
4701
3268
4570
2758
4650
2261
2261
4373
2466
2472
870
4061
5271
820
7216
4702
2476
4370
2365
4406
3984
2444
4373
3851
4370
2300
3851
2291
4700
2795
6556
4740
4625
2831
2787
4714
4825
820
4695
2570
4570
3792
4707
2388
4357
5577
2460
6237
2483
2769
4700
5172
2620
2474
2655
2000
2463
3265
2754
6167
4377
6069
2460
5031
4570
2905
4719
2469
4721
2570
6711
5690
4650
2347
2572
7307
2515
3691
5554
3074
5501
4702
6239
3219
3726
4800
2454
4871
3071
4380
4158
5082
4164
5280
2120
6108
4873
2322
4341
3712
4352
3824
3835
3707
2625
3797
4630
6519
5552
2914
6401
2444
2594
2732
4376
2447
2640
4817
4875
2731
872
2622
4650
5607
2422
7120
2880
6532
2870
2850
5555
3960
5571
4709
2297
2546
2350
5275
2319
2840
2372
3885
2551
3268
3268
2340
3561
2338
3465
3465
4580
3859
3859
4650
4650
4872
4563
6361
853
2835
7054
2620
4173
4173
2369
2290
6333
4608
4455
4650
2430
2546
3708
2478
5266
2352
2428
2429
4405
2424
2580
4671
2422
3542
4305
810
2421
4730
2714
7030
7330
7301
4829
3549
5256
4882
4820
2650
7007
3723
2622
3707
6751
2322
7262
2537
2337
2633
2622
2540
2484
2869
2470
2446
2817
6244
3621
7260
2527
3890
3896
3815
3409
4850
4498
3522
6566
2864
4313
4655
4818
3614
3614
3777
4570
4370
3337
2736
6312
5607
2534
3551
3860
3401
3285
6532
4680
2475
2829
2642
3825
4012
6336
7209
4816
4625
2146
2146
3856
2830
4816
2474
5255
3962
5253
3962
3980
5065
3142
2734
2817
4510
3909
2452
3833
2440
5607
3941
2550
2655
4066
4066
4350
4350
4350
4352
4350
4350
4350
2261
4350
4885
2423
4662
6330
6330
2283
4655
3228
2607
4816
5062
5203
5031
5031
2371
4350
3490
3562
2358
3821
3888
5413
5413
2850
5250
2873
3012
3477
2622
2263
3363
2460
2550
3596
3527
3527
4560
3283
4820
5353
4810
2463
6311
4341
4810
4810
4810
4813
4810
4825
3707
3707
2518
2580
3824
3824
3824
6431
3579
2620
2823
5073
5073
7018
3844
3844
3844
3032
4570
3373
3660
6488
3477
4850
6284
2480
2770
4370
3785
7263
2460
6333
2738
3458
3458
3583
3584
7250
2869
7190
2850
2795
3953
6029
6244
4879
5068
4879
5158
4714
7330
3029
4874
2875
2666
2795
5356
2472
4650
4650
6060
2365
2594
3888
2462
4570
2480
2477
2480
4490
2583
3915
2259
2259
2422
7310
4224
7260
5607
3384
7321
2732
3043
2874
2540
2480
2669
2527
2400
4854
4854
2463
2653
2261
2729
2490
5605
4352
2720
4888
2720
2720
7120
2480
2428
3728
4702
5236
2469
5203
7120
7254
2480
2714
2548
4357
2850
4678
6426
2537
2612
2440
3546
2795
2537
2630
2074
2390
4742
2205
3488
3488
3960
2650
5065
6280
3490
2485
2486
2485
2324
2850
2540
2795
2410
4564
2852
4570
6037
5501
3658
3913
2481
2484
2484
7140
3533
3844
2484
3444
3444
2460
3813
3813
3586
3586
3285
3285
5671
2453
3533
3533
2329
4680
6462
6460
5422
6220
2484
2357
2850
6436
5607
5114
2539
2850
3370
3318
2462
4702
2450
5419
3544
3544
2007
3641
7315
5633
4876
822
4352
2257
872
2526
5451
3629
2420
3509
4380
5032
4119
7268
874
4285
2669
5607
200
2678
815
4701
5061
5061
5061
1466
2474
3669
2311
4883
2404
4069
7320
2483
2849
4510
6239
7315
2756
4209
2482
2460
2456
2484
4860
2336
4454
2469
2486
2474
7214
3156
2460
4344
4370
4570
2849
3691
4809
5131
2347
4570
2577
2415
4055
2430
4352
3673
2775
2482
2250
2346
2470
4122
6390
2423
7321
2849
2450
2446
4361
4355
3756
4477
2441
2336
3673
4850
5156
6069
2447
4343
2475
2795
6258
4370
2482
4614
2439
3664
3158
5142
2477
2358
2645
4655
2656
2656
5573
2652
2829
2475
2611
2620
2484
4655
5064
2455
6537
6230
6530
4871
2447
5690
7140
4465
2421
4561
2790
5081
4352
3860
2280
4715
6532
2454
4742
2448
2448
2777
2577
5454
5093
6330
6355
2566
4227
4860
3407
6280
2030
3451
3401
5311
4630
3922
5607
3956
4347
5245
4285
4285
4730
2440
3133
3133
4306
2550
7112
5603
4562
3814
3833
4570
5211
4361
6100
3294
6429
3084
2428
2163
4514
4814
2540
5352
4343
2765
3591
2423
3669
4014
834
4014
5120
5091
3325
3325
2799
6230
6056
5223
2172
3885
3637
3551
3269
3678
4076
2259
2546
7030
6369
5640
6509
6515
2474
822
6407
822
810
6215
6530
6315
2257
3687
4625
3608
2076
5330
6169
3401
4404
3887
4872
2077
3544
5211
2443
2278
2176
4154
2710
3385
2795
2642
2354
2354
3678
2800
6510
2832
6422
3825
4872
6528
5238
4751
4670
5081
3956
5254
2659
2343
3352
3303
2745
2550
5661
2320
3387
2340
3756
2422
4383
2360
2675
2259
6721
2420
2420
2618
4702
5556
6429
4671
2665
4655
4655
3351
2428
3222
2428
6925
6076
4306
5431
2287
4570
4428
3401
2820
3463
6330
4714
3875
3507
6398
6280
4714
5264
3709
6363
2537
2260
2620
2795
2630
6383
5700
4512
2840
3612
5310
4700
5690
6532
2540
5523
2550
3579
2360
6308
6167
3744
6256
5291
3139
3139
6530
3312
3312
4419
3758
2710
3549
2365
6503
2423
4871
3678
2710
2482
6065
6065
3891
4806
3676
5607
4877
2267
3530
5275
3279
810
5607
4860
6505
872
6210
6065
2903
3301
4306
6320
2644
2663
3152
2550
5332
2304
2611
4575
3616
3959
2298
7321
6220
2680
5556
4823
3799
6431
5118
5522
2477
6311
6405
2422
3465
2046
4829
3505
2402
2528
4417
2330
6743
3482
6169
3243
3530
3980
6288
4500
2282
5540
2259
4718
4605
5577
6215
4411
2346
3286
6423
5046
6518
2810
2752
2710
3820
2339
3377
2340
6421
5650
3113
7018
2423
3134
2074
2502
3301
862
2824
3670
3352
3478
7261
6330
2622
2102
4307
2774
3249
3280
3312
3283
2871
4387
5607
4871
6958
3401
4370
6024
2425
4306
5454
5400
4670
2259
872
3482
5461
3485
4621
6725
6407
2233
4133
6152
3875
7262
2017
4673
5413
7109
3373
6228
2540
5452
2460
3195
6513
5690
2602
3087
2030
4887
2535
6568
3995
4615
3384
2795
5203
3352
3096
7109
6107
7172
3237
5066
3128
5280
2575
4357
4704
6166
2795
6479
3352
2446
2711
5440
2422
5573
3216
2024
4825
7250
2337
2060
2447
7140
3888
2580
5034
2340
2382
3352
5501
4860
2421
6530
2775
3518
2560
3518
5606
6044
6315
6721
2582
2388
3568
3237
2594
7304
2406
4497
3251
3260
5495
4703
7304
2395
2614
2669
5573
3518
2839
4874
4874
4406
2415
2642
6477
2575
4670
6640
5007
6170
4350
4121
4892
4417
6233
2370
5259
6236
6236
2820
4160
5259
2371
2460
3551
6328
4507
3462
6986
3966
6106
6019
6014
3549
2250
3355
3355
4615
3241
2782
2648
2127
3875
2145
5278
5482
2577
3186
2720
4417
2720
3352
2570
3364
2534
3030
3030
2446
3496
2747
2747
2747
2341
3799
7307
2640
6606
2478
2795
5024
6450
3550
6532
5491
2471
4219
6280
6330
6630
1515
6214
2471
3992
5008
4101
6530
6337
3012
4680
2250
4359
2443
5007
7000
6369
2171
4305
6430
2440
7306
5021
5020
6430
6007
6705
4740
3003
7009
2541
2286
2125
6005
7316
6308
6208
4819
6309
4403
2073
5275
5033
7321
6346
4700
1685
4680
6055
7325
2340
6566
3616
2474
3690
2500
4559
2671
5680
5041
2330
4350
7303
3825
3579
4870
2340
6304
4357
5268
5223
7140
2048
4454
4074
2120
4422
2145
3049
3351
6061
2611
2326
6423
2729
4702
7292
6316
1851