2831
2113
2109
4816
3723
3971
2508
3340
6109
6065
6210
6443
3379
2630
3860
3859
5280
2261
6355
5311
5072
5072
6338
4819
4650
2829
3352
7140
6072
6530
2230
6057
3551
4385
4615
3012
3275
2594
2482
4217
2420
3373
3928
3723
3714
2716
2330
2850
2320
2320
5573
2320
6714
3725
3465
2622
4816
2609
5267
6401
2036
2460
6945
6090
812
4885
4620
7140
2571
3463
6302
4552
5259
2319
3892
5502
2734
2469
6353
2738
4352
2400
6556
4627
3446
2536
5311
5690
4403
2536
3145
5061
3144
6370
3024
5495
2200
3546
4361
2622
2577
2870
4802
2264
2575
6167
6210
6210
6210
6210
2792
3551
3551
4730
5602
7030
3663
7214
2500
4509
2328
2652
2250
2250
3218
2865
2346
822
6258
2095
1655
4179
2093
4179
6465
5440
5422
3222
2259
3360
2430
6152
5086
3971
4610
5238
2653
2333
4870
5414
3889
4122
4122
5012
4122
3722
2582
5308
2603
4601
4870
2539
6328
4605
4560
4874
2653
5307
4892
3891
5355
852
6064
6256
2765
2148
6330
6760
5137
4346
2800
6515
2582
5271
4564
4573
3222
3953
6125
5070
2259
6714
4880
2453
3233
2422
6285
4019
4019
7054
4855
4753
3032
6078
2663
5049
5575
7175
5043
3634
5330
5354
2280
2423
3678
5724
3483
4705
2429
5033
5033
2441
3888
2775
2622
6020
2284
4702
6608
3477
3387
3387
4570
5464
2480
3515
4561
4558
4558
4310
3377
4671
2756
2035
2035
5413
6317
6390
6532
2790
2652
812
7330
3669
5733
2204
1475
2204
6213
5068
2765
4132
2122
2530
3216
2420
4611
2824
3875
6110
2328
2420
2265
4870
4858
2579
3634
6426
4650
4650
3465
4650
6280
3812
2287
4570
2380
3779
2820
4370
5680
3840
2293
1460
5170
6701
3482
4370
852
2250
2370
7214
2710
3723
2652
2036
5554
2711
5320
3331
4210
2382
7321
2607
5095
7151
2650
4822
4746
6614
6244
7304
2365
7140
2423
2304
2304
2304
5454
7248
2304
5069
6051
2710
2145
2347
4702
6225
5357
6770
5267
2105
5211
3938
2333
4856
4807
2330
4053
4740
2756
5157
4671
4570
3472
6330
2480
2617
2790
3401
3451
4823
3204
5171
5171
2480
2479
3874
3799
2060
2587
3568
3568
3678
2795
3048
6210
6532
2114
7140
4131
5201
4670
4422
7304
3585
2484
2852
6405
6728
6167
5081
5081
2780
2318
2577
6642
6392
6208
6401
3956
3579
3862
2477
6262
2785
2453
4703
6079
4570
2615
2669
3045
5006
3052
3000
4510
2430
7330
2756
2734
5039
2114
5039
4613
5483
7310
5552
3338
3337
3337
3315
2320
6156
3875
2594
7255
4610
4871
3373
2850
2234
2234
2568
2563
2842
7330
2879
5264
5264
5264
6050
4798
3194
3194
3159
4825
5223
6436
3277
3277
3277
2388
3505
3505
3505
5308
3333
2291
2291
5690
5311
4551
6352
2548
4805
4352
4352
2537
3496
3310
6450
6625
4605
3058
4218
4218
3754
2422
2540
2850
2852
6415
3737
3737
2632
3926
3926
3916
2622
2827
3618
3723
2581
4226
3340
3496
5523
4352
2329
6030
2652
4854
2831
2160
2160
4340
7305
3715
6530
2705
2577
3444
3448
2323
2701
6280
6328
3904
7325
4728
4754
3444
4873
4220
2873
6612
2825
7310
4673
4825
2464
2620
3064
2580
5501
2337
2443
3124
2068
3375
2158
2330
2630
4074
3206
2483
4350
5223
6056
3956
4886
4746
7306
6258
6330
2171
4735
5213
7163
2630
4799
4702
5602
4852
2484
6936
6056
6056
7171
7030
3666
3409
4860
2358
2632
7325
5256
3678
4310
2330
2656
3501
3501
3500
3500
5031
5031
5237
4825
4415
4310
6575
822
2795
3082
4886
2795
4807
6714
2440
4670
6232
5231
3352
6330
4820
6056
2168
7030
2324
2000
2325
3799
5280
2397
2549
4357
4357
4357
810
3572
6336
4888
6716
5034
2798
3304
4357
4702
3579
6525
4309
6330
2880
2214
2380
2083
1565
5602
4064
2538
4064
2594
6507
872
2666
4702
4829
5602
4886
5431
3575
3568
2770
6336
2320
5309
6030
6503
4311
6315
3352
5440
3324
5291
4816
6522
4625
4380
4380
3287
6312
6701
3413
2312
3351
3276
2720
822
5575
2287
3537
4872
2533
6532
4478
2462
5654
6462
2830
5724
5415
2566
2566
5422
4575
3392
6725
3862
6330
2548
3596
3415
1490
5700
4754
2330
3871
3871
4677
3722
2264
6061
3294
4871
2665
2449
4361
2050
4852
4874
4721
3132
5062
3132
2911
2795
832
5043
3355
6740
4465
5632
2330
2430
3608
5602
4053
3573
3409
3701
2575
3490
4570
4875
2731
5169
5253
6395
6603
3401
5353
2480
5092
5092
5092
3816
3240
3825
3825
5278
4551
4605
2550
2537
4070
3231
2370
2550
3666
2775
2536
2538
2422
2830
6506
810
7310
3381
6401
6394
4671
7304
2372
4214
7140
3718
2460
3472
3666
6475
3352
6290
2842
2539
2539
3575
2866
7304
3673
4670
4881
4807
1660
2738
4630
2480
5254
5254
2904
2111
5342
3800
3793
5277
2540
2430
4671
4611
3433
2622
3691
2622
2470
5417
2675
2850
6338
6450
2415
6537
4570
4626
3860
3984
4556
4515
3129
3127
5134
7018
7330
7304
5172
2594
2482
2820
5253
7320
2217
3851
3094
4630
4370
7010
3765
7321
4560
2483
2337
5432
6393
4510
5607
4455
7140
2370
4309
6317
2820
2469
4406
3224
2850
4671
3477
6504
2540
4570
4557
4553
4553
3465
2734
2665
4312
4887
7009
3478
2337
2337
2627
2353
2710
6503
3825
4605
6567
2440
2450
2259
3039
3055
2472
2250
2083
4630
4714
4406
6320
3450
2453
5558
5558
5558
6532
3612
6510
3194
3189
3189
3213
5291
2429
3314
4340
2648
2804
2340
4670
2021
4306
1875
4305
7321
6522
2795
3610
4506
7264
6425
2443
4670
5301
7325
3523
3862
3673
2650
4870
3933
5332
5332
4105
3138
3629
3629
2640
2440
5355
2422
4416
2710
4744
3764
2666
6083
2550
7030
6623
4506
6304
5431
6258
3195
2400
2400
4886
3058
3055
4730
4871
6530
4370
5320
6701
4671
3301
3240
7307
4702
4702
2264
2264
6062
5371
2105
4170
4825
7018
3931
6221
3860
2469
2321
5162
5320
5043
3334
3387
5671
2223
2137
3272
2538
3482
4343
2446
2790
2325
2700
2537
2537
2370
4468
3840
4309
5641
2088
4820
6012
4387
5214
2577
2878
3885
4873
2537
4570
4356
2426
2733
830
6351
4455
6525
2729
4310
3709
4680
6714
2567
2820
4514
2820
2650
5251
5251
5251
6324
4287
3699
3363
5275
4313
4341
3960
4455
4306
3352
4742
3675
5419
5418
6522
3740
3723
6429
3781
5279
2484
3324
4312
3523
3370
4871
6410
4702
5267
4741
6010
6330
3350
2079
3377
3377
4370
2794
5210
6390
4804
4573
2631
5671
4066
4165
3024
5351
4306
5654
3767
2632
2795
4625
2320
4514
3334
2770
2770
5607
3381
3217
5607
3953
3953
4309
3352
3930
2250
6330
4357
3351
4472
6532
3796
2580
7140
4340
2824
4850
3461
4310
2850
5291
5290
5291
4705
4872
2424
5155
4285
3371
4520
4122
4122
4312
6426
6302
6765
2824
6016
3350
6082
7325
6528
6426
3472
2877
5607
2729
6525
2570
2290
4454
2786
4401
4825
4825
4825
4825
6426
5211
874
5670
4740
4800
2500
4807
2526
4515
2539
2850
2080
4350
2790
4695
4625
6050
2190
5271
6333
2575
7140
4350
3468
4814
4818
4352
3441
6356
6638
5210
3646
4674
4800
4306
2849
2469
4362
3934
4754
5374
4606
5279
5353
4521
4550
6330
3352
2365
4361
4871
4714
3240
4403
4340
4892
4871
4715
2577
3301
6112
4211
4520
6447
2484
5255
6302
2330
4074
5064
4741
2519
6426
2795
4741
4671
4869
2519
4521
5235
3350
6153
4800
2170
3364
4207
2795
4350
3305
6112
2311
2774
6333
4802
3352
2330
2360
3236
5291
2446
6751
4868
6355
4818
4306
4625
6383
7000
4370
4871
4809
4343
4370
4311
6530
3844
3875
5461
2828
2330
4677
2758
3777
5244
4380
4356
4650
2178
3149
2325
2323
6369
5670
6390
2787
2250
4347
2786
4804
3723
4355
2644
4557
3156
2758
2550
2480
2460
3988
4718
4858
4858
6472
2739
3294
2571
4877
7248
4574
3951
5271
3732
3477
3377
2787
4606
6501
4461
3644
6503
3462
3451
5680
2850
4213
3737
4564
4600
6770
810
4306
6225
6479
4703
4703
6714
2323
4401
6751
4630
2745
4341
2756
4807
3170
5255
2877
2476
2352
2825
2379
6027
6252
2850
5601
2456
2644
2825
4670
6630
6430
2800
2582
2622
2482
2482
6401
2647
2871
6225
3304
6401
2820
2824
2550
2580
2469
4309
4740
6721
5700
2540
6073
6073
2729
2653
5340
6123
4812
2720
5214
4860
4285
3635
5555
4626
6443
4626
5270
5270
4718
4467
4886
6225
4650
2440
2850
2406
2406
6450
2423
2715
4630
4671
4352
4570
2420
5115
5115
5115
3862
4125
6166
6420
3315