5000
3000
2000
4000
6000
6799
2850
6280
6280
3737
4613
2176
2046
4670
3067
7315
8006
7112
4627
2795
2795
2325
2336
7310
3040
3825
2350
5159
2320
4850
2326
2325
4892
2350
4660
2476
2763
7306
4110
3714
4401
2601
7170
6280
7320
3833
2629
3984
2289
2289
6375
4343
4474
3352
5950
5000
3465
4703
846
5000
2729
2727
4211
4870
2474
5558
2753
3962
4677
2602
4807
2560
3237
3231
4802
3851
2020
3042
4807
4814
6532
7216
2546
4820
810
5311
3424
3021
4035
6331
6332
6330
2873
5014
3206
4702
4207
5014
7263
3971
3971
4010
4010
2527
2527
4010
3020
2640
7330
2440
4051
4650
6306
5154
5173
5173
4694
2870
6064
6288
4572
4161
4740
3714
1435
5555
2234
6154
3350
2650
4115
872
4610
2469
4817
870
2259
6038
3871
3871
3823
2100
4370
2320
4310
6525
3691
3277
6225
2218
2671
5009
5291
5373
3364
4700
4285
3305
2441
4740
4850
4362
4670
2425
2311
2659
5401
3465
6535
4871
3727
3979
7150
4871
4724
3078
2575
4702
2477
2477
4702
3025
3025
3028
3025
5351
3018
2460
4807
3249
885
4570
4570
2914
2866
4829
872
6632
2560
6280
4306
7310
4695
4462
6338
5222
5221
3371
4380
4183
4183
3825
4380
3468
5431
2648
2648
4702
3213
5464
2320
3715
5722
4740
4570
3995
2631
7120
5114
5454
4800
4355
2621
5255
5238
5353
6642
5010
5117
2550
2834
2629
3898
3230
2464
822
6167
2316
5356
2038
4814
2156
4103
6280
3549
7264
4070
5222
4310
4650
7120
6714
3414
812
5237
5413
7150
3233
5480
2560
3579
3579
4660
2850
2340
6153
6153
4378
2330
7190
2820
7030
3319
2630
2431
2622
870
4570
4726
4620
4054
4625
2614
3409
3377
2714
4309
3951
4892
3858
2159
4819
3631
2283
3631
3475
3475
830
4892
4108
4108
3723
3995
6419
3022
2338
2358
2665
3629
6153
5571
3480
872
2720
2284
2449
2707
4702
2350
3523
6239
4721
2665
5701
2795
2795
3143
3143
6112
5453
2828
2350
4737
4520
3217
3377
2205
2148
5603
3551
3551
4551
2456
2456
4880
6519
6519
6525
1570
7330
6315
3099
7030
3936
5572
2820
873
2715
4214
4214
5043
4007
3032
3364
6104
5157
3442
3147
2193
2463
2463
2463
6065
2168
6111
1800
4670
6054
2361
5035
4060
4060
2400
2650
4214
4214
5137
2323
5259
4340
3147
3195
3195
4034
2077
5076
4883
3818
5012
4350
2361
4311
6156
2345
3049
6164
4401
6164
3393
1835
5451
3122
2360
3123
4066
3570
4477
6290
4300
5072
4892
2515
7011
4213
2440
2179
4215
5374
1215
6233
2107
3212
6069
3664
4670
5273
2850
2251
5253
2577
4670
7213
4306
3467
2574
3477
5501
3034
2530
4670
3559
2628
3782
2283
3551
3551
2575
4807
3268
2390
6412
6428
6701
2825
4861
2470
3340
2372
2535
4361
5211
2470
2365
5601
3670
7120
6317
3777
7270
6475
2555
6302
6521
2630
6383
4875
3579
2333
2333
4674
4454
7030
2446
2446
5373
2477
3551
3551
3312
4207
3608
6082
5671
3875
4699
5354
5354
7307
2359
4740
6562
2820
3350
832
4413
2575
3183
5461
2358
6258
4740
6021
2264
4702
2365
2549
4036
5203
3364
4552
2370
2795
2365
5417
6171
2867
2403
6061
4816
4401
5573
2093
2093
2519
5242
2324
6253
3249
6383
4741
6714
6302
6443
2822
6066
2622
3342
4382
3279
3483
3350
3350
3354
3350
3350
3350
4352
4455
5221
6315
2646
3561
2441
3340
3340
6606
2830
2478
4610
6304
2795
3375
2041
2041
3666
2283
4171
4552
3407
4740
3926
3971
2715
3103
3104
3103
4876
2540
3564
3561
4860
3241
6503
3333
4625
4625
4702
7265
4630
2446
3694
3691
2420
6450
6440
2729
2541
4703
2479
3393
5268
2404
3175
2582
2234
5481
7267
6164
2906
4306
4570
4507
6031
2216
5091
3875
6213
2019
2200
1885
2200
2580
3549
2580
6390
4207
3331
2347
2486
2460
3485
3388
4014
3084
4352
2300
2083
2850
5460
2396
4702
4601
3691
2000
6479
6510
4725
2460
2234
2565
4065
2207
2207
4714
3220
2665
4306
3444
4670
2574
2732
2850
3463
3463
5453
3723
4615
3451
2474
3384
3364
4605
4703
4625
3639
4703
2668
5345
4703
5641
3557
4702
3691
3688
5434
7150
4680
4287
2852
2278
3871
3249
3249
3644
5495
5351
2347
3221
6275
2528
2528
2441
2546
6209
3525
4416
3249
3537
3537
2710
4809
2577
2577
7054
2460
4872
2540
4816
2422
7306
2422
4490
4878
872
6712
2340
3458
4861
2600
3329
3329
5520
2594
3737
3722
3243
3227
2396
2460
4820
3460
4871
4305
2540
6056
5138
2197
3991
6942
2365
6054
2439
845
2261
2536
6150
2536
3213
2795
3730
2795
2795
2730
3058
4551
7004
5222
6284
4718
1755
4650
4650
2580
3833
3833
2539
3911
2422
5223
2261
3375
3981
3444
3444
6714
6330
4478
3153
3153
6053
4868
2104
820
6271
6530
4510
5280
2100
6472
2015
4740
7270
3808
3807
6162
6440
3475
2469
2827
2620
3641
3517
4886
5320
3579
4285
6394
5550
3373
7215
3193
2155
2577
5066
6450
5320
7270
4650
3477
6107
2665
2340
2665
5042
3135
6052
6112
2871
4829
3251
4385
3237
6063
4680
7252
6556
4211
2446
3747
2119
2540
6260
6224
2680
4659
6239
6164
2824
4570
3139
4207
6353
4517
6503
4626
4519
5523
2550
2587
4487
4454
6566
5052
5491
5491
2577
2422
2616
6027
2191
2335
2650
4810
3160
3160
3160
2800
6069
2570
4207
7253
2786
3215
3215
4408
4570
2153
832
2518
2446
4507
3223
2397
2535
3889
2325
2325
4300
4070
3228
3691
2440
3381
4871
7018
5050
2023
4892
6056
3081
4562
2440
2454
7254
4510
2581
3228
4570
4551
4514
2337
2280
2280
4153
2280
3216
6104
2192
2440
4740
2628
2545
2085
2085
5730
5432
4860
5255
2550
4850
3889
2790
2365
7212
3946
4610
3671
3900
2536
4680
4306
4306
3319
5453
6477
3097
2539
2355
2803
3554
3550
3888
2420
2622
2680
2333
6223
3875
4754
6463
3579
6255
3435
6063
2290
3960
4275
2818
4217
2251
3165
3204
6102
2480
4869
6102
6102
3235
4674
2141
2758
4362
3342
2322
6530
2537
4353
2506
2261
2765
6510
2622
2546
6701
2082
2082
2081
2548
2540
2582
5343
2422
2628
7011
2390
2712
2159
2577
828
3518
4117
3351
3691
2539
3531
2701
2535
2535
2321
838
3323
3953
4701
2594
6167
3806
2852
3304
3472
3888
3888
3691
4205
5352
5373
2590
3472
5067
7306
3395
2581
3590
3753
2217
5009
6304
2209
2540
2480
2207
2207
2207
2581
4313