2658
6394
4172
5320
3610
3610
3610
6630
5607
6150
6317
7178
6401
2864
3218
4605
5642
3747
5601
3544
4352
3551
872
3401
3579
3579
2546
2705
3586
2825
5253
5253
5253
5253
5253
2734
2642
4875
4814
2708
5481
4854
3490
3586
2281
4370
3512
2622
4854
2672
3885
3717
2586
3243
2652
4503
4312
2582
3163
2849
2630
2587
2338
5340
3390
2337
2484
2484
2333
3461
3461
3557
5221
2333
4816
2880
4872
4307
4732
2722
2403
2423
2681
4415
3533
2630
7325
6220
3304
6207
6960
6154
3556
2454
2460
5153
2481
2540
3551
5254
5202
5202
3341
3732
5064
7259
2469
3551
2550
2713
3851
3736
4800
2580
6450
3518
4812
2546
3579
2264
3641
7330
6532
2312
7260
5440
2551
5690
3608
4570
5354
5083
5360
6350
5252
810
3249
3646
6485
5255
5558
6338
6512
6207
4560
4560
4560
3847
2448
6521
2346
2450
4615
6330
3533
4722
6215
6537
3781
3312
6414
6522
3494
5210
4416
2722
5277
4407
2618
4701
3561
6275
6532
5550
4874
6751
3860
2379
6330
2795
3352
5540
4874
3812
3812
7256
5271
2669
6532
4504
2250
3778
3293
3315
3525
2567
2567
6369
2065
3707
3636
3277
3277
4352
6532
3266
2546
6532
2551
2101
2390
2390
2604
2666
3824
6302
2839
2700
2582
3483
3293
2583
2539
2099
3285
3804
3805
5523
6326
6312
6312
2821
5259
3597
2209
2800
2479
3638
4111
3409
7140
6338
7321
2570
3465
4211
6281
5259
3597
2470
6165
5412
3384
3352
3832
6440
5374
4671
2326
2829
4488
4742
5495
6009
6009
3496
6336
7304
6353
6031
4570
3463
6503
3831
3832
3832
3831
3831
7054
3570
2831
4816
2536
4819
3699
5540
2315
7330
2550
3292
2324
2876
6485
2340
5291
5732
5223
4860
4211
4211
4213
2680
6450
4701
2622
2423
6630
6532
3953
2622
2545
3351
3350
3373
4650
5062
3418
2549
4756
5301
5037
3413
4614
2820
4514
4570
2089
2089
2453
2826
2799
4361
4680
4124
2577
2483
2550
4303
2348
4005
3438
4858
2472
2305
2305
4876
2346
4671
6509
7140
2474
5015
5333
5554
7008
2365
5357
2460
3825
2795
3551
3458
6475
2300
2300
2308
2302
3219
6355
2447
4873
3268
3442
3925
2127
3350
5223
3875
4804
6251
3364
3364
6753
4051
3886
2790
2790
7248
2106
2106
4020
3015
3859
2479
2360
4006
7250
3462
2370
5074
2042
4305
3220
5374
5302
852
2913
3418
880
2250
2354
2913
3501
3882
6714
3042
2733
7315
2480
810
4655
5238
7212
6044
6288
3821
3821
2480
2631
2628
3533
4740
4561
4285
4714
4702
3518
6701
4511
5560
3351
3527
6350
6208
3268
3268
3268
4856
4856
4859
5168
5168
4218
4360
2484
3174
3174
6225
6415
6532
6061
6312
2379
4816
3833
7306
2835
837
4490
3265
3265
3890
3890
4417
2732
2415
4567
4565
4566
4566
5276
3409
2263
6062
2263
2281
2899
3214
4701
4170
2076
4890
5204
3579
6333
3682
6415
6443
2640
4620
2324
2484
4561
2260
6412
2093
6390
2536
5556
6020
3550
3458
2450
6424
2026
5417
4304
2840
6237
4356
5048
2443
7150
4494
6353
5223
6445
2470
6163
2099
6207
4570
2453
2121
6532
4741
6159
3215
2250
6254
4660
2443
5018
4305
4660
6280
4885
6410
6352
6489
6353
6163
4509
2299
2480
4740
2447
4352
4280
2527
4552
2100
3051
5558
6351
2546
2101
2541
1750
6006
6701
5037
2754
3187
2151
2335
1670
2113
5607
2444
3214
2760
2408
6338
2137
2059
4496
4272
6409
2340
4305
4350
6488
2490
2074
4810
5320
6707
6473
2068
2500
3995
2471
2671
6487
5558
2868
6208
6401
6535
2622
5109
1560
6003
6262
3070
7307
6532
5253
5085
4013
5085
3072
6905
4350
2152
4350
2066
3660
5136
3377
4670
2787
4208
4356
5067
5067
7250
7275
3168
5357
5040
3887
2354
6032
3469
7306
3585
2386
2541
2541
2540
2540
2541
2587
7184
4014
4014
3737
6609
7256
7172
3463
6480
4306
2325
3435
6758
6330
2360
3268
3268
3529
2551
2849
6450
2540
2424
2628
2550
822
2630
2484
4211
2480
3636
7259
3131
4012
2484
2340
4380
6490
2551
2551
3909
6630
6566
5680
3896
3401
2649
5355
5523
3401
5256
3888
3099
6341
3594
3595
872
3533
4871
3909
872
2831
2460
2825
2646
3987
2804
3585
4626
4860
2795
4680
2602
6163
5158
2606
4275
5166
4877
2529
2529
3046
4811
5690
6532
5243
2570
4605
5086
7019
4741
4714
4401
6121
2320
2320
2761
4650
3063
2646
5046
3166
3167
3166
6208
2620
7303
3540
4600
2765
2360
4670
4285
2790
2622
2117
7120
2223
5291
2365
2330
4417
2650
2787
4574
2868
4309
6333
3880
3226
6027
2483
4521
7320
822
3809
3809
6535
4706
2340
4613
5440
2629
2430
7017
2469
5341
4626
2540
2474
2161
2652
2369
5168
6569
5161
2440
3701
5238
2146
6121
7325
2849
3788
2325
5725
2337
4352
3241
3898
3898
3249
2316
4305
5114
2711
6336
5163
6710
5422
5734
2581
2871
4718
6740
7325
4811
4740
4824
2875
4735
2800
7023
6431
4455
2570
6330
4715
2800
2800
2380
6109
4455
2800
6503
2570
3888
2748
6394
6770
6167
7190
3284
7172
2540
4722
4741
4208
4208
4160
3204
5431
3631
2795
2656
6017
6017
4806
5017
3691
7303
6285
2324
7140
2321
7017
2508
4313
5013
2650
2258
2640
7140
5018
3951
3490
3738
5330
5082
4650
5460
4741
2337
4210
2100
4742
2903
3678
2430
2711
2760
4075
2340
3678
2225
2318
7150
4674
3413
3268
4218
4659
4703
2428
4564
4211
4865
2880
6025
2021
4064
2469
4880
2620
2577
2211
2211
5271
5245
2469
6574
4800
6308
4343
4069
6355
4570
3409
6525
4280
4555
7182
4565
7330
3488
4650
2336
7109
5275
3401
3312
2137
2614
2337
5172
2338
4740
2035
3551
5357
3810
3810
3810
7255
2632
4287
2622
6258
2580
5670
2404
2399
5254
4110
4810
6335
2108
4221
4879
2258
4800
4816
2258
6328
4892
5237
6225
2463
2463
2795
2913
830
4860
4352
2484
4553
2482
4555
6157
4751
6157
7310
4816
2549
2549
4352
2430
2648
2213
5652
2825
5641
3512
3265
6716
5041
6384
3759
2800
2446
872
5096
5096
2648
5093
6754
5730
5132
3851
2360
4216
5075
7306
3477
6236
5107
5106
5108
804
3240
5422
7120
5203
6721
5501
5303
5340
2738
5201
4701
7320
5043
2627
3114
4275
4125
4125
6084
3195
6426
6081
2600
2870
2580
6434
6233
7304
4702
4115
4560
7320
6180
2768
4417
4825
5063
2337
3052
4214
6147
2540
6167
5422
5220
5301
2123
4870
2150
7321
2339
4575
6333
5311
3340
5042
3315
3044
3044
4721
5552
3444
3444
5333
3491
2478
2421
4570
7259
3564
2256
4311
3197
3204
3318
6076
4800
2628
7172
7120
2325
6239
5070
5070
2325
6612
3880
6638
2871
6333
4519
2469
4850
4306
2869
6642
2630
5301
2210
2210
2607
3912
2477
2256
5607
6065
7256
3851
2250
2536
4352
5304
3678
3678
6710
4184
2795
2583
5374
6260
4885
7256
6714
2583
5431
2327
4415
7030
5222
2281
5291
6230
4551
5238
3727
2325
7150
6260
2446
2145
2145
5121
5121
7316
7171
1715
5222
5013
3235
5277
5690
5353
2750
2750
2750
2530
2222
3289
3586
3341
4816
4625
5453
6011
4352
3478
4573
4573
6620
2550
6324
2624
5680
6168
3413
5308
3862
2775
4352
6105
6849
6000
6831
7300
6000
2795
6258
4560
7109
5422
3270
5016
2049
2049
5571
4871
5267
5680
4502
4000
6468
3233
5254
5351
4702
3757
2574
2256
2606
2036
4626
2321
4655
2340
2342
2609
2850
3597
6112
6572
5151
6430
4428
6076
2251
4819
2213
3639
3639
6229
2571
6229
4570
3833
5680
3533
4355
6076
6315
3407
2824
2486
3351
2469
5340
4380
4380
4625
4650
2462
2388
2627
4361
5720
5661
2478
2478
4812
4209
4615
3401
4860
4568
2720
6631
2361
4798
2324
2648
2824
847
4670
2829
3573
5269
4416
2714
3631
4306
3709
5571
2343
2630
3579
829
4355
5460
3200
4754
3149
2810
6357
6308
6343
6078
4069
6208
6450
4702
5641
4008
5400
2370
5275
2810
4741
2849
5304
2281
6623
6317
3984
4825
7264
4650
2470
872
2446
7254
3444
7252
6722
3585
5540
3723
4405
3249
3351
6608
2323
2756
2756
3360
4356
4825
4343
4355
4341
2658
5277
2172
7140
3090
4741
2761
3335
6431
5038
5038
2650
7302
4573
5607
2250
3030
2250
6208
3916
3225
4183
5601
5601
5259
5374
5573
2027
6720
5577
5256
5575
4655
3212
2259
2539
2320
2440
5670
7116
3585
5453
2630
5259
3249
3260
3260
2580
2648
4568
3381
3571
5238
5238
2818
7030
7190
4454
5655
5268
5330
3312
4650
2648
5607
5095
3352
3988
3988
3988
6309
3461
3740
5222
4892
6324
5015
5015
6330
3971
4699
5552
7182
5700
5700
5700
5601
2036
5522
3269
4700
5540
6525
4877
5212
3284
3964
5501
5495
5602
5582
2229
6721
5558
7116
5580
2505
6172
5671
7321
5606
5606
5291
2444
2444
5238
3207
5576
5604
5167
5167
4178
5700
5540
5540
5540
5575
5550
7307
5573
5581
3965
5173
3223
5416
2538
2787
3305
2847
3305
3305
3944
4870
2430
2479
6167
4352
2545
2790
2143
1335
2489
2489
3996
3797
3312
3517
7300
4352
3181
3181
4816
3572
2176
3666
4370
4650
7185
2381
4311
7325
6215
4352
6225
3072
7315
3072
3072
2170
2257
2710
6285
5570
4127
2502
2621
4350
4875
6740
3054
3269
4660
5550
4800
5082
5201
2148
4715
5082
7250
4613
2629
2666
3662
2350
822
2460
2810
4069
2650
2484
6308
2196
7249
4357
5680
5238
5353
3271
3289
5680
2430
4306
2357
3278
3278
5238
5238
6770
4356
2112
2850
2330
3521
2849
5333
5333
7216
5652
2073
3575
2850