3444
3444
2484
4823
2474
4380
3621
2036
3083
3463
3265
3816
4215
3130
3678
4521
7140
7255
2720
2581
7255
3523
2652
3480
3480
3480
5267
2795
2583
4721
2480
4570
6725
2325
4800
3393
3401
4341
4341
4341
4341
4341
852
2650
6743
6640
4884
2580
6355
3584
3351
4570
2675
6479
3909
2820
6355
2672
5238
6646
2445
3581
4343
6215
3303
2539
2671
6438
6484
4884
3713
3551
3381
3355
2581
3373
6353
2263
2502
2462
6603
3691
2528
2446
6260
6356
7210
3381
4563
4306
6475
3525
4703
3579
4671
6258
3312
2259
6603
5255
3597
4800
3727
7030
7140
2539
4872
6320
3909
3887
3533
5555
3851
6440
3350
3373
2680
4892
4871
2282
6180
2195
4701
3909
4621
2572
2443
6431
3352
3644
3542
7267
2147
3075
4184
2335
2299
5302
4285
6430
4703
3352
3620
3995
3435
6044
4555
2652
4550
3384
3384
6065
2066
1595
2066
4340
7275
3984
3984
3363
6330
6147
5255
3352
3377
3318
4630
2426
3444
4470
5353
3971
4570
3911
3910
2460
2644
4850
2430
2163
4478
3555
2166
7325
2773
3212
875
4110
4285
2622
3821
5016
5016
2320
4306
2480
3249
820
3325
2866
852
3487
2615
6616
6100
7307
7021
2775
7250
3139
5680
4892
5480
2649
5271
2443
3444
2462
4357
2060
3238
2582
3026
3028
6440
2641
8010
4343
4716
7140
3480
3418
4825
4501
2460
3364
2617
2783
5068
2844
4606
3537
812
3352
6707
5452
5150
7254
2335
6170
3385
6043
2849
810
6007
7255
6514
6149
2705
2775
6290
2470
7252
4343
7277
7263
2476
3516
2040
4305
5731
3352
5417
6437
3567
7315
2330
3631
2259
2319
7120
4357
2322
7008
3691
6503
2478
5240
3461
2750
3953
3953
3953
6438
3224
2179
3458
2581
6233
6111
4370
3260
4370
7054
6076
2770
3332
4800
2560
2780
7120
2460
2311
2800
2049
7173
5501
6079
3352
4365
2480
4714
7030
2138
3858
3858
2141
1825
2333
2790
2800
7304
7260
7301
5355
2834
7330
2229
2480
7310
3820
3371
3420
3682
2460
4344
7268
3140
2040
2508
4352
3673
3673
3673
2352
6315
2324
2795
2583
4701
2361
4714
4305
3717
4384
2484
2850
5607
2778
5065
4490
2480
3875
3865
2476
2347
2070
2070
2710
7015
5320
3496
3312
6258
3509
2066
4356
3360
4306
5410
2460
3549
5607
2250
7260
2480
2480
3324
2372
3480
2790
2474
2036
2644
3418
5607
2538
6330
3458
2790
6359
2339
2259
8011
4551
4865
2281
2360
2720
3211
2880
6646
2256
5250
2790
1871
2170
4892
2795
2747
3551
2365
3862
2650
2474
5241
7255
4370
3851
3833
3945
5271
2549
5510
2321
5633
2656
4892
6522
3563
5032
6054
4342
2795
3665
3551
3551
4344
6330
3575
3516
2232
2480
4114
4114
4133
3475
4207
4129
4129
4131
2439
2713
7275
6311
7140
2753
6429
3678
4719
2536
2446
4570
5253
3340
3550
2261
2360
5501
4850
2330
7253
2347
3401
7301
3851
3551
7150
2540
4730
2066
3816
3816
3666
5153
3665
7109
5160
5160
2867
2340
7315
7256
2898
2632
7306
2320
2439
3232
3418
6447
2583
2311
4179
7216
4705
2469
5607
2840
2320
2325
5345
3213
2105
7253
5268
2450
5330
6240
2476
2730
4211
2335
7306
2580
2469
5540
6084
4871
2440
4313
4873
2469
2470
5131
6390
5211
6330
2800
5501
2775
2250
5062
3639
4340
3401
2446
2469
3093
2756
7054
2460
4343
4854
4570
2646
6330
4676
4311
2790
2326
5333
5333
3844
7316
3385
2234
3350
7109
4850
5272
2800
3875
5602
3691
2745
6280
820
2850
2210
7255
7321
7252
4478
6395
7150
4390
7109
3673
2170
4207
2321
7009
4030
3444
6225
7109
7256
3975
2474
2350
5731
3975
5351
6701
4892
2602
4342
5062
2477
6147
2606
810
4124
3304
3461
5343
3156
3156
4178
4347
4855
4886
5277
4650
2716
4406
2904
2560
3286
5153
3782
5121
2339
3440
4478
5223
2615
4109
4878
4695
4740
4740
4740
4741
4740
4740
4740
4156
4705
4850
3971
2447
4352
2463
4184
3085
6701
3085
2251
3568
3579
2614
2113
2564
2285
2565